# ix  iyhoodxhoody             x             y         x_org         y_org
   0   0   0   0   0.010122539   0.024892718   0.017241379   0.017241379
   0   0   0   0   0.030538892   0.034351006   0.017241379   0.051724138
   0   0   0   0   0.060218021   0.056301188   0.051724138   0.051724138
   0   0   0   0   0.041463647   0.071210250   0.051724138   0.086206897
   0   0   0   0   0.065885997   0.014135014   0.155172414   0.051724138
   0   0   0   0   0.095139580   0.015481595   0.086206897   0.017241379
   0   0   0   0   0.080326479   0.065098935   0.086206897   0.086206897
   0   1   0   1   0.027288791   0.143716191   0.017241379   0.120689655
   0   1   0   1   0.054953987   0.162478194   0.017241379   0.155172414
   0   1   0   1   0.016245481   0.160822817   0.017241379   0.189655172
   0   1   0   1   0.082166688   0.113005457   0.051724138   0.120689655
   0   1   0   1   0.051947814   0.106646268   0.051724138   0.155172414
   0   1   0   1   0.084864035   0.144784009   0.086206897   0.155172414
   0   1   0   1   0.039573826   0.189024433   0.051724138   0.224137931
   0   1   0   1   0.017648564   0.121403718   0.017241379   0.086206897
   0   1   0   1   0.093203381   0.184898854   0.051724138   0.189655172
   0   2   0   2   0.018033964   0.268607584   0.017241379   0.224137931
   0   2   0   2   0.029294869   0.217987302   0.051724138   0.258620690
   0   2   0   2   0.092233629   0.292099501   0.051724138   0.293103448
   0   2   0   2   0.073864621   0.255423945   0.120689655   0.258620690
   0   2   0   2   0.092737517   0.205686770   0.120689655   0.189655172
   0   2   0   2   0.039681373   0.292345999   0.017241379   0.327586207
   0   3   0   3   0.034388667   0.321109976   0.017241379   0.362068966
   0   3   0   3   0.071453226   0.361736436   0.086206897   0.327586207
   0   3   0   3   0.024189275   0.370739138   0.086206897   0.362068966
   0   3   0   3   0.011477507   0.346751602   0.086206897   0.396551724
   0   3   0   3   0.037297871   0.345248806   0.155172414   0.431034483
   0   3   0   3   0.087648628   0.311676765   0.017241379   0.293103448
   0   3   0   3   0.066052390   0.302967405   0.017241379   0.258620690
   0   4   0   4   0.036939309   0.447594377   0.017241379   0.431034483
   0   4   0   4   0.018194614   0.485721256   0.017241379   0.465517241
   0   4   0   4   0.068214133   0.474824041   0.051724138   0.396551724
   0   4   0   4   0.058529003   0.499718238   0.051724138   0.500000000
   0   4   0   4   0.056923779   0.431509411   0.086206897   0.431034483
   0   4   0   4   0.077789605   0.451618311   0.120689655   0.431034483
   0   4   0   4   0.099084041   0.436551777   0.086206897   0.465517241
   0   4   0   4   0.019950288   0.411187907   0.051724138   0.362068966
   0   5   0   5   0.069746435   0.541659259   0.017241379   0.500000000
   0   5   0   5   0.034955291   0.507226043   0.017241379   0.534482759
   0   5   0   5   0.077201957   0.589240228   0.017241379   0.568965517
   0   5   0   5   0.042286527   0.591552287   0.051724138   0.568965517
   0   5   0   5   0.061433784   0.564651816   0.086206897   0.534482759
   0   5   0   5   0.011651006   0.592509346   0.017241379   0.603448276
   0   5   0   5   0.098752634   0.542122869   0.120689655   0.534482759
   0   5   0   5   0.013054817   0.555901808   0.051724138   0.465517241
   0   5   0   5   0.068933430   0.521157637   0.051724138   0.431034483
   0   6   0   6   0.023103905   0.651869773   0.017241379   0.672413793
   0   6   0   6   0.025670278   0.611930555   0.051724138   0.672413793
   0   6   0   6   0.074132316   0.662886095   0.086206897   0.637931034
   0   6   0   6   0.057222823   0.641981826   0.051724138   0.706896552
   0   6   0   6   0.057849128   0.680627732   0.017241379   0.706896552
   0   6   0   6   0.073442766   0.621302881   0.051724138   0.603448276
   0   6   0   6   0.092776141   0.626731758   0.155172414   0.706896552
   0   6   0   6   0.087588671   0.606778588   0.051724138   0.637931034
   0   6   0   6   0.036999487   0.694507026   0.086206897   0.706896552
   0   6   0   6   0.052654308   0.613129955   0.017241379   0.637931034
   0   7   0   7   0.016869762   0.706252062   0.017241379   0.741379310
   0   7   0   7   0.028097190   0.762370879   0.017241379   0.775862069
   0   7   0   7   0.055113080   0.774638870   0.051724138   0.741379310
   0   7   0   7   0.047598679   0.737388361   0.051724138   0.775862069
   0   7   0   7   0.025616046   0.796483056   0.086206897   0.741379310
   0   7   0   7   0.075716282   0.762030020   0.120689655   0.741379310
   0   7   0   7   0.066901431   0.730992146   0.120689655   0.706896552
   0   7   0   7   0.050096506   0.799627352   0.051724138   0.810344828
   0   7   0   7   0.072896650   0.799514507   0.051724138   0.844827586
   0   7   0   7   0.068676728   0.708771427   0.120689655   0.637931034
   0   7   0   7   0.096433489   0.725355608   0.120689655   0.672413793
   0   8   0   8   0.026064347   0.838016241   0.017241379   0.810344828
   0   8   0   8   0.039674655   0.859976248   0.017241379   0.844827586
   0   8   0   8   0.045832033   0.879714015   0.017241379   0.879310345
   0   8   0   8   0.073149037   0.856051512   0.051724138   0.879310345
   0   8   0   8   0.071881680   0.878315102   0.086206897   0.844827586
   0   8   0   8   0.011906782   0.861302318   0.017241379   0.913793103
   0   8   0   8   0.076061644   0.835640115   0.120689655   0.810344828
   0   8   0   8   0.096864736   0.816818443   0.086206897   0.810344828
   0   9   0   9   0.049312883   0.957115947   0.017241379   0.948275862
   0   9   0   9   0.020299212   0.974368055   0.017241379   0.982758621
   0   9   0   9   0.052933309   0.922786429   0.051724138   0.948275862
   0   9   0   9   0.051459848   0.981567181   0.051724138   0.982758621
   0   9   0   9   0.072456109   0.954900464   0.086206897   0.982758621
   0   9   0   9   0.077497710   0.909198396   0.051724138   0.913793103
   0   9   0   9   0.085139514   0.975012303   0.120689655   0.982758621
   1   0   1   0   0.138067479   0.074993339   0.120689655   0.017241379
   1   0   1   0   0.157536592   0.045475833   0.120689655   0.051724138
   1   0   1   0   0.138697032   0.010580767   0.155172414   0.017241379
   1   0   1   0   0.188004913   0.025598138   0.189655172   0.017241379
   1   0   1   0   0.108567832   0.091080593   0.086206897   0.120689655
   1   0   1   0   0.195994401   0.075993414   0.155172414   0.120689655
   1   0   1   0   0.103783726   0.053601102   0.051724138   0.017241379
   1   0   1   0   0.167210788   0.096690125   0.120689655   0.155172414
   1   1   1   1   0.176108240   0.120841995   0.155172414   0.155172414
   1   1   1   1   0.116977323   0.194833289   0.120689655   0.224137931
   1   1   1   1   0.139751160   0.100902965   0.086206897   0.051724138
   1   1   1   1   0.109400975   0.138296192   0.086206897   0.189655172
   1   1   1   1   0.119076740   0.160573132   0.189655172   0.189655172
   1   1   1   1   0.141834191   0.131686444   0.155172414   0.189655172
   1   1   1   1   0.175747537   0.191273288   0.189655172   0.086206897
   1   1   1   1   0.151971743   0.160889176   0.224137931   0.120689655
   1   1   1   1   0.180706130   0.154518707   0.224137931   0.155172414
   1   1   1   1   0.191380534   0.102566247   0.120689655   0.120689655
   1   1   1   1   0.153635219   0.192105268   0.189655172   0.224137931
   1   2   1   2   0.124252711   0.215656151   0.155172414   0.224137931
   1   2   1   2   0.195222153   0.267423739   0.189655172   0.293103448
   1   2   1   2   0.132426489   0.256747107   0.086206897   0.224137931
   1   2   1   2   0.163387902   0.230440746   0.189655172   0.155172414
   1   2   1   2   0.115132176   0.240783768   0.086206897   0.258620690
   1   2   1   2   0.109260916   0.272446264   0.120689655   0.327586207
   1   2   1   2   0.166941553   0.275313350   0.120689655   0.293103448
   1   2   1   2   0.183838234   0.222647701   0.258620690   0.258620690
   1   3   1   3   0.135585774   0.305501527   0.120689655   0.362068966
   1   3   1   3   0.141265003   0.344441797   0.189655172   0.327586207
   1   3   1   3   0.120569908   0.379981094   0.051724138   0.327586207
   1   3   1   3   0.176706644   0.369572206   0.120689655   0.396551724
   1   3   1   3   0.107777391   0.305048194   0.086206897   0.293103448
   1   3   1   3   0.106245666   0.359544000   0.155172414   0.362068966
   1   3   1   3   0.166885345   0.320687125   0.155172414   0.258620690
   1   3   1   3   0.177542979   0.394803419   0.189655172   0.465517241
   1   3   1   3   0.197220133   0.356517675   0.155172414   0.327586207
   1   3   1   3   0.199020489   0.335785171   0.189655172   0.258620690
   1   4   1   4   0.167071769   0.416227231   0.120689655   0.465517241
   1   4   1   4   0.174547005   0.454611729   0.155172414   0.465517241
   1   4   1   4   0.127907422   0.424560217   0.189655172   0.431034483
   1   4   1   4   0.157077309   0.434210736   0.086206897   0.500000000
   1   4   1   4   0.135505934   0.448990104   0.155172414   0.534482759
   1   4   1   4   0.181785207   0.488615657   0.224137931   0.465517241
   1   4   1   4   0.191302914   0.443435901   0.258620690   0.465517241
   1   4   1   4   0.115195983   0.498987475   0.120689655   0.500000000
   1   4   1   4   0.105658933   0.477512836   0.017241379   0.396551724
   1   5   1   5   0.154108879   0.537271666   0.120689655   0.568965517
   1   5   1   5   0.108788253   0.571655575   0.086206897   0.603448276
   1   5   1   5   0.157844346   0.511669738   0.086206897   0.568965517
   1   5   1   5   0.178335475   0.540008609   0.155172414   0.500000000
   1   5   1   5   0.185735248   0.512025525   0.189655172   0.500000000
   1   5   1   5   0.184106941   0.585308146   0.155172414   0.568965517
   1   5   1   5   0.197109594   0.529764818   0.189655172   0.534482759
   1   5   1   5   0.137218292   0.511262240   0.051724138   0.534482759
   1   6   1   6   0.162115256   0.657568822   0.155172414   0.603448276
   1   6   1   6   0.125066394   0.677422733   0.155172414   0.672413793
   1   6   1   6   0.157757446   0.609031161   0.120689655   0.603448276
   1   6   1   6   0.157506051   0.681700276   0.189655172   0.672413793
   1   6   1   6   0.192918274   0.687840428   0.224137931   0.568965517
   1   6   1   6   0.196142007   0.645554347   0.189655172   0.568965517
   1   7   1   7   0.140047817   0.732479233   0.155172414   0.741379310
   1   7   1   7   0.157334518   0.742760516   0.155172414   0.775862069
   1   7   1   7   0.189072712   0.763154173   0.155172414   0.810344828
   1   7   1   7   0.111659566   0.768170985   0.086206897   0.775862069
   1   7   1   7   0.105226905   0.743404790   0.086206897   0.672413793
   1   7   1   7   0.172265855   0.714567813   0.155172414   0.637931034
   1   7   1   7   0.156041872   0.763115746   0.224137931   0.810344828
   1   7   1   7   0.150458554   0.785339350   0.189655172   0.844827586
   1   7   1   7   0.113608875   0.795570256   0.120689655   0.775862069
   1   8   1   8   0.137227425   0.860017020   0.120689655   0.844827586
   1   8   1   8   0.194163931   0.837627689   0.120689655   0.879310345
   1   8   1   8   0.151144371   0.811940458   0.155172414   0.879310345
   1   8   1   8   0.124830835   0.825113696   0.086206897   0.879310345
   1   8   1   8   0.192546061   0.878430851   0.224137931   0.879310345
   1   8   1   8   0.180011688   0.805055371   0.189655172   0.810344828
   1   8   1   8   0.180527689   0.897998516   0.120689655   0.913793103
   1   9   1   9   0.187985701   0.959078159   0.120689655   0.948275862
   1   9   1   9   0.127120985   0.989180095   0.155172414   0.982758621
   1   9   1   9   0.147592508   0.965700070   0.189655172   0.982758621
   1   9   1   9   0.164019379   0.915919509   0.086206897   0.948275862
   1   9   1   9   0.143600391   0.922541558   0.189655172   0.879310345
   1   9   1   9   0.104113536   0.912768088   0.086206897   0.913793103
   2   0   2   0   0.267184559   0.068835173   0.224137931   0.051724138
   2   0   2   0   0.280366689   0.029871122   0.258620690   0.051724138
   2   0   2   0   0.244440592   0.027111843   0.258620690   0.086206897
   2   0   2   0   0.203692283   0.010701086   0.189655172   0.051724138
   2   0   2   0   0.242187660   0.047675469   0.155172414   0.086206897
   2   0   2   0   0.293131297   0.063949115   0.258620690   0.017241379
   2   0   2   0   0.216932055   0.044366619   0.120689655   0.086206897
   2   1   2   1   0.222698533   0.140325911   0.258620690   0.120689655
   2   1   2   1   0.234863722   0.166319946   0.258620690   0.155172414
   2   1   2   1   0.294767050   0.196870884   0.258620690   0.189655172
   2   1   2   1   0.246708867   0.121105620   0.293103448   0.120689655
   2   1   2   1   0.217574004   0.182408943   0.224137931   0.086206897
   2   1   2   1   0.279007028   0.169104927   0.293103448   0.155172414
   2   1   2   1   0.286252137   0.141941618   0.327586207   0.120689655
   2   1   2   1   0.270920995   0.103622093   0.293103448   0.051724138
   2   2   2   2   0.247571779   0.233354155   0.224137931   0.224137931
   2   2   2   2   0.276427744   0.276359642   0.293103448   0.258620690
   2   2   2   2   0.276583400   0.215368987   0.293103448   0.189655172
   2   2   2   2   0.289210161   0.293061344   0.293103448   0.293103448
   2   2   2   2   0.200678635   0.287835001   0.224137931   0.189655172
   2   2   2   2   0.208554466   0.217713108   0.189655172   0.120689655
   2   2   2   2   0.254963240   0.257578170   0.327586207   0.258620690
   2   2   2   2   0.250060134   0.204561805   0.258620690   0.224137931
   2   2   2   2   0.221866906   0.295438868   0.224137931   0.258620690
   2   3   2   3   0.250722690   0.321352517   0.224137931   0.327586207
   2   3   2   3   0.268061491   0.335968787   0.224137931   0.362068966
   2   3   2   3   0.258350928   0.353481333   0.293103448   0.362068966
   2   3   2   3   0.263215421   0.377978015   0.189655172   0.362068966
   2   3   2   3   0.288901578   0.361558659   0.327586207   0.396551724
   2   3   2   3   0.232816774   0.334035854   0.224137931   0.293103448
   2   3   2   3   0.277071748   0.316418635   0.293103448   0.327586207
   2   3   2   3   0.282112855   0.389597708   0.362068966   0.396551724
   2   3   2   3   0.226762933   0.363861376   0.155172414   0.293103448
   2   3   2   3   0.293293337   0.334494183   0.327586207   0.362068966
   2   3   2   3   0.231838200   0.387732173   0.155172414   0.396551724
   2   3   2   3   0.207997589   0.398637077   0.189655172   0.396551724
   2   3   2   3   0.260926746   0.397876911   0.224137931   0.396551724
   2   4   2   4   0.234500271   0.412317441   0.224137931   0.431034483
   2   4   2   4   0.259538119   0.461052503   0.258620690   0.431034483
   2   4   2   4   0.293855748   0.432697592   0.258620690   0.396551724
   2   4   2   4   0.235738561   0.465712168   0.224137931   0.534482759
   2   4   2   4   0.278894656   0.413180437   0.293103448   0.431034483
   2   4   2   4   0.255913916   0.436500946   0.258620690   0.362068966
   2   4   2   4   0.291287435   0.458912227   0.362068966   0.465517241
   2   4   2   4   0.214153313   0.472306004   0.293103448   0.465517241
   2   5   2   5   0.257344750   0.570161964   0.258620690   0.568965517
   2   5   2   5   0.223119337   0.509803328   0.293103448   0.500000000
   2   5   2   5   0.213464794   0.578422847   0.224137931   0.603448276
   2   5   2   5   0.289156089   0.532103610   0.224137931   0.500000000
   2   5   2   5   0.261797367   0.522276737   0.258620690   0.603448276
   2   5   2   5   0.276438951   0.550699982   0.293103448   0.637931034
   2   5   2   5   0.281989799   0.572433975   0.224137931   0.637931034
   2   5   2   5   0.256919852   0.590438090   0.189655172   0.637931034
   2   5   2   5   0.270419412   0.503791571   0.258620690   0.500000000
   2   6   2   6   0.256714690   0.655321684   0.258620690   0.637931034
   2   6   2   6   0.289789631   0.653682326   0.293103448   0.603448276
   2   6   2   6   0.275585959   0.684383452   0.327586207   0.637931034
   2   6   2   6   0.248441254   0.674409016   0.224137931   0.706896552
   2   6   2   6   0.227889230   0.655131496   0.189655172   0.603448276
   2   6   2   6   0.229017549   0.680904650   0.258620690   0.706896552
   2   6   2   6   0.295392675   0.631697874   0.327586207   0.603448276
   2   7   2   7   0.254002718   0.784825094   0.293103448   0.706896552
   2   7   2   7   0.241916624   0.755075552   0.293103448   0.741379310
   2   7   2   7   0.256799909   0.723093886   0.189655172   0.775862069
   2   7   2   7   0.265344998   0.765245811   0.224137931   0.672413793
   2   7   2   7   0.288765046   0.759511921   0.327586207   0.706896552
   2   7   2   7   0.275246111   0.733612523   0.189655172   0.741379310
   2   7   2   7   0.228074830   0.710861815   0.189655172   0.706896552
   2   7   2   7   0.232819238   0.736691124   0.155172414   0.844827586
   2   7   2   7   0.204626466   0.784422736   0.224137931   0.741379310
   2   7   2   7   0.248600472   0.703172744   0.258620690   0.672413793
   2   8   2   8   0.235762455   0.855781864   0.224137931   0.844827586
   2   8   2   8   0.245744224   0.822983903   0.258620690   0.844827586
   2   8   2   8   0.299869561   0.878762678   0.327586207   0.844827586
   2   8   2   8   0.262346605   0.863794276   0.258620690   0.948275862
   2   8   2   8   0.204025054   0.815262343   0.224137931   0.775862069
   2   8   2   8   0.243282523   0.877059878   0.258620690   0.879310345
   2   8   2   8   0.279204083   0.852954073   0.258620690   0.810344828
   2   8   2   8   0.230586502   0.805870076   0.258620690   0.741379310
   2   8   2   8   0.228315258   0.898542691   0.189655172   0.913793103
   2   8   2   8   0.294088956   0.818501436   0.293103448   0.810344828
   2   9   2   9   0.253568149   0.954883725   0.224137931   0.948275862
   2   9   2   9   0.228110957   0.948965231   0.224137931   0.982758621
   2   9   2   9   0.249640240   0.986073507   0.258620690   0.982758621
   2   9   2   9   0.295009937   0.968390687   0.293103448   0.844827586
   2   9   2   9   0.268371100   0.932491863   0.224137931   0.913793103
   2   9   2   9   0.227123853   0.973153079   0.155172414   0.948275862
   2   9   2   9   0.213196267   0.912060915   0.155172414   0.913793103
   3   0   3   0   0.348331848   0.041041638   0.327586207   0.017241379
   3   0   3   0   0.374652013   0.027257565   0.396551724   0.017241379
   3   0   3   0   0.362523012   0.059595969   0.396551724   0.051724138
   3   0   3   0   0.337535952   0.072739590   0.293103448   0.017241379
   3   0   3   0   0.329014071   0.048315275   0.396551724   0.086206897
   3   0   3   0   0.372624581   0.082648431   0.465517241   0.017241379
   3   0   3   0   0.308220589   0.025332290   0.224137931   0.017241379
   3   0   3   0   0.320175399   0.092659592   0.327586207   0.086206897
   3   0   3   0   0.395418349   0.050592826   0.465517241   0.120689655
   3   1   3   1   0.348309022   0.186954632   0.327586207   0.155172414
   3   1   3   1   0.325078100   0.140790392   0.327586207   0.189655172
   3   1   3   1   0.381686148   0.166778502   0.362068966   0.120689655
   3   1   3   1   0.384326878   0.190628585   0.362068966   0.189655172
   3   1   3   1   0.360698030   0.168242783   0.362068966   0.086206897
   3   1   3   1   0.345536651   0.130855710   0.362068966   0.051724138
   3   1   3   1   0.305936825   0.116615262   0.327586207   0.051724138
   3   1   3   1   0.318218563   0.168085710   0.362068966   0.258620690
   3   1   3   1   0.383850188   0.121397235   0.362068966   0.017241379
   3   1   3   1   0.353781429   0.106851063   0.293103448   0.086206897
   3   1   3   1   0.320192568   0.199857203   0.293103448   0.224137931
   3   2   3   2   0.335308672   0.218265879   0.362068966   0.224137931
   3   2   3   2   0.358558865   0.243321527   0.362068966   0.293103448
   3   2   3   2   0.321361802   0.252058985   0.396551724   0.224137931
   3   2   3   2   0.303094307   0.272838809   0.258620690   0.293103448
   3   2   3   2   0.398270318   0.248028329   0.431034483   0.189655172
   3   2   3   2   0.377874159   0.230737991   0.327586207   0.224137931
   3   2   3   2   0.382603123   0.281705791   0.500000000   0.258620690
   3   2   3   2   0.398812270   0.217391542   0.362068966   0.155172414
   3   2   3   2   0.360283476   0.292893764   0.362068966   0.327586207
   3   3   3   3   0.307474277   0.372707895   0.396551724   0.327586207
   3   3   3   3   0.351366589   0.336117793   0.396551724   0.362068966
   3   3   3   3   0.352557169   0.380152506   0.327586207   0.293103448
   3   3   3   3   0.305579399   0.310814394   0.258620690   0.327586207
   3   3   3   3   0.393036954   0.381094221   0.465517241   0.431034483
   3   4   3   4   0.324118287   0.483242946   0.327586207   0.431034483
   3   4   3   4   0.379918692   0.436562454   0.327586207   0.465517241
   3   4   3   4   0.375191252   0.408053482   0.431034483   0.431034483
   3   4   3   4   0.309965694   0.411624274   0.362068966   0.362068966
   3   4   3   4   0.326592392   0.444559839   0.293103448   0.396551724
   3   4   3   4   0.345392338   0.418589574   0.431034483   0.396551724
   3   4   3   4   0.383147626   0.475410078   0.396551724   0.396551724
   3   4   3   4   0.396828458   0.490449468   0.396551724   0.500000000
   3   5   3   5   0.372938745   0.545067484   0.362068966   0.534482759
   3   5   3   5   0.330781037   0.598545094   0.362068966   0.568965517
   3   5   3   5   0.345248112   0.520646977   0.396551724   0.568965517
   3   5   3   5   0.344059971   0.557160621   0.431034483   0.568965517
   3   5   3   5   0.307335249   0.551008550   0.327586207   0.500000000
   3   5   3   5   0.374027770   0.584506158   0.465517241   0.500000000
   3   5   3   5   0.384605126   0.517913560   0.327586207   0.534482759
   3   5   3   5   0.307946664   0.594179600   0.258620690   0.534482759
   3   5   3   5   0.393868707   0.546650214   0.431034483   0.534482759
   3   5   3   5   0.302292457   0.500898202   0.293103448   0.534482759
   3   6   3   6   0.318551363   0.646876191   0.362068966   0.637931034
   3   6   3   6   0.357098127   0.684415928   0.431034483   0.637931034
   3   6   3   6   0.337460340   0.689039807   0.293103448   0.672413793
   3   6   3   6   0.367316950   0.629117889   0.327586207   0.568965517
   3   6   3   6   0.383805937   0.676342387   0.396551724   0.741379310
   3   6   3   6   0.373479393   0.606431014   0.293103448   0.568965517
   3   6   3   6   0.397870175   0.657933933   0.396551724   0.603448276
   3   7   3   7   0.307629861   0.729425702   0.327586207   0.741379310
   3   7   3   7   0.353134244   0.785514876   0.362068966   0.775862069
   3   7   3   7   0.365658885   0.748548784   0.396551724   0.706896552
   3   7   3   7   0.378427932   0.767166502   0.293103448   0.775862069
   3   7   3   7   0.325565921   0.719113134   0.327586207   0.672413793
   3   7   3   7   0.316012788   0.769398402   0.258620690   0.775862069
   3   7   3   7   0.398838214   0.729311177   0.362068966   0.672413793
   3   8   3   8   0.369132219   0.832079060   0.327586207   0.879310345
   3   8   3   8   0.370282182   0.804511383   0.362068966   0.879310345
   3   8   3   8   0.319722746   0.851728582   0.293103448   0.879310345
   3   8   3   8   0.330034952   0.824481071   0.327586207   0.775862069
   3   8   3   8   0.346423122   0.843006607   0.327586207   0.913793103
   3   8   3   8   0.390227690   0.889956899   0.362068966   0.982758621
   3   8   3   8   0.344629004   0.810534393   0.362068966   0.810344828
   3   8   3   8   0.358871017   0.884756100   0.293103448   0.948275862
   3   8   3   8   0.340540791   0.893408010   0.189655172   0.948275862
   3   8   3   8   0.319862852   0.803776768   0.327586207   0.810344828
   3   8   3   8   0.383924542   0.847461184   0.431034483   0.844827586
   3   9   3   9   0.367530287   0.954202029   0.327586207   0.948275862
   3   9   3   9   0.356147498   0.987429898   0.327586207   0.982758621
   3   9   3   9   0.321103697   0.947148176   0.293103448   0.982758621
   3   9   3   9   0.397009681   0.989554139   0.362068966   0.948275862
   3   9   3   9   0.312702062   0.978992894   0.293103448   0.913793103
   3   9   3   9   0.357576397   0.927256445   0.362068966   0.844827586
   3   9   3   9   0.397600945   0.919207865   0.258620690   0.913793103
   3   9   3   9   0.396605276   0.952347505   0.396551724   0.948275862
   4   0   4   0   0.413458202   0.084607729   0.431034483   0.017241379
   4   0   4   0   0.409883262   0.030742182   0.465517241   0.051724138
   4   0   4   0   0.430125200   0.025498678   0.500000000   0.017241379
   4   0   4   0   0.436277409   0.052805077   0.568965517   0.051724138
   4   0   4   0   0.474826150   0.052530491   0.603448276   0.051724138
   4   0   4   0   0.460205235   0.017001970   0.568965517   0.017241379
   4   0   4   0   0.453267355   0.089632237   0.465517241   0.086206897
   4   0   4   0   0.433814867   0.099581562   0.500000000   0.051724138
   4   1   4   1   0.457936958   0.157473816   0.500000000   0.155172414
   4   1   4   1   0.477509404   0.146448607   0.431034483   0.086206897
   4   1   4   1   0.451224400   0.137112349   0.396551724   0.155172414
   4   1   4   1   0.444301077   0.184958280   0.396551724   0.189655172
   4   1   4   1   0.428268182   0.123568333   0.396551724   0.120689655
   4   1   4   1   0.411928667   0.151976340   0.431034483   0.051724138
   4   1   4   1   0.462992588   0.111898031   0.500000000   0.086206897
   4   1   4   1   0.463309677   0.192376654   0.500000000   0.189655172
   4   2   4   2   0.448457142   0.281138039   0.431034483   0.258620690
   4   2   4   2   0.488715603   0.216901270   0.465517241   0.224137931
   4   2   4   2   0.484308891   0.259816782   0.500000000   0.293103448
   4   2   4   2   0.431352987   0.264769707   0.500000000   0.224137931
   4   2   4   2   0.463917357   0.229879315   0.465517241   0.189655172
   4   2   4   2   0.426442719   0.232592378   0.465517241   0.258620690
   4   2   4   2   0.409277648   0.292532574   0.327586207   0.327586207
   4   2   4   2   0.417296730   0.206406021   0.431034483   0.155172414
   4   3   4   3   0.464622083   0.382406971   0.431034483   0.327586207
   4   3   4   3   0.454256328   0.361175309   0.500000000   0.327586207
   4   3   4   3   0.418793398   0.384339325   0.396551724   0.293103448
   4   3   4   3   0.431155934   0.352295123   0.431034483   0.293103448
   4   3   4   3   0.472434593   0.324717036   0.465517241   0.293103448
   4   3   4   3   0.401535151   0.343729654   0.396551724   0.258620690
   4   3   4   3   0.423841958   0.323183199   0.431034483   0.224137931
   4   3   4   3   0.487286548   0.307956421   0.534482759   0.327586207
   4   3   4   3   0.438972489   0.395321485   0.431034483   0.362068966
   4   4   4   4   0.450630858   0.452363574   0.431034483   0.465517241
   4   4   4   4   0.408355243   0.429671731   0.465517241   0.465517241
   4   4   4   4   0.421867103   0.476918579   0.396551724   0.465517241
   4   4   4   4   0.432979700   0.422160091   0.534482759   0.465517241
   4   4   4   4   0.472847266   0.416981864   0.500000000   0.396551724
   4   4   4   4   0.404586652   0.409824341   0.396551724   0.431034483
   4   4   4   4   0.457158994   0.404118817   0.465517241   0.327586207
   4   4   4   4   0.414608004   0.453925377   0.362068966   0.431034483
   4   4   4   4   0.496466942   0.464072249   0.465517241   0.362068966
   4   4   4   4   0.494369911   0.499298121   0.500000000   0.500000000
   4   5   4   5   0.445683097   0.501181293   0.431034483   0.500000000
   4   5   4   5   0.471207785   0.513249497   0.465517241   0.534482759
   4   5   4   5   0.425437097   0.546890682   0.500000000   0.568965517
   4   5   4   5   0.456323927   0.540809619   0.500000000   0.603448276
   4   5   4   5   0.423113839   0.584456093   0.396551724   0.534482759
   4   5   4   5   0.462769347   0.566461359   0.465517241   0.603448276
   4   5   4   5   0.409667964   0.531410344   0.362068966   0.500000000
   4   5   4   5   0.440247738   0.595672805   0.465517241   0.672413793
   4   6   4   6   0.450107749   0.647574544   0.431034483   0.672413793
   4   6   4   6   0.431899255   0.681241706   0.396551724   0.637931034
   4   6   4   6   0.449790928   0.621281763   0.396551724   0.672413793
   4   6   4   6   0.486171166   0.623493498   0.500000000   0.637931034
   4   6   4   6   0.416324450   0.610149683   0.431034483   0.603448276
   4   6   4   6   0.476542134   0.679289660   0.534482759   0.706896552
   4   6   4   6   0.408601716   0.628932866   0.362068966   0.603448276
   4   6   4   6   0.410581642   0.699371944   0.431034483   0.706896552
   4   7   4   7   0.443340073   0.750727822   0.431034483   0.741379310
   4   7   4   7   0.479051978   0.737579834   0.465517241   0.775862069
   4   7   4   7   0.442608194   0.772518528   0.396551724   0.775862069
   4   7   4   7   0.438541934   0.728524542   0.362068966   0.741379310
   4   7   4   7   0.478697106   0.707784910   0.500000000   0.741379310
   4   7   4   7   0.495198454   0.767895429   0.534482759   0.775862069
   4   7   4   7   0.408243233   0.779930676   0.396551724   0.810344828
   4   7   4   7   0.454798844   0.715367451   0.362068966   0.706896552
   4   8   4   8   0.462569442   0.810560574   0.431034483   0.879310345
   4   8   4   8   0.426615633   0.832249961   0.465517241   0.844827586
   4   8   4   8   0.464579914   0.856006412   0.500000000   0.879310345
   4   8   4   8   0.484733647   0.804291145   0.431034483   0.810344828
   4   8   4   8   0.431917182   0.858713244   0.396551724   0.879310345
   4   8   4   8   0.407421881   0.818782505   0.396551724   0.844827586
   4   8   4   8   0.448774715   0.884907005   0.534482759   0.879310345
   4   8   4   8   0.465767759   0.831030378   0.500000000   0.775862069
   4   8   4   8   0.430607189   0.808410115   0.465517241   0.741379310
   4   9   4   9   0.427928240   0.944468062   0.431034483   0.913793103
   4   9   4   9   0.439686882   0.978403293   0.431034483   0.948275862
   4   9   4   9   0.464000204   0.961691820   0.465517241   0.948275862
   4   9   4   9   0.416689088   0.977362801   0.396551724   0.982758621
   4   9   4   9   0.465926546   0.940262009   0.396551724   0.913793103
   4   9   4   9   0.463585727   0.901980449   0.465517241   0.982758621
   4   9   4   9   0.415137362   0.900817719   0.362068966   0.913793103
   4   9   4   9   0.445577701   0.917045184   0.465517241   0.913793103
   4   9   4   9   0.495124668   0.972000615   0.500000000   0.982758621
   4   9   4   9   0.485703266   0.935564336   0.465517241   0.879310345
   5   0   5   0   0.543971577   0.097821198   0.568965517   0.086206897
   5   0   5   0   0.576588568   0.062059679   0.603448276   0.086206897
   5   0   5   0   0.560853582   0.042374062   0.637931034   0.017241379
   5   0   5   0   0.575280782   0.027262460   0.672413793   0.017241379
   5   0   5   0   0.579110731   0.082179695   0.534482759   0.086206897
   5   0   5   0   0.504209016   0.014027335   0.603448276   0.017241379
   5   0   5   0   0.507366851   0.097050193   0.534482759   0.017241379
   5   1   5   1   0.562336556   0.134703130   0.534482759   0.120689655
   5   1   5   1   0.512881039   0.176930978   0.534482759   0.155172414
   5   1   5   1   0.549270860   0.183587945   0.603448276   0.120689655
   5   1   5   1   0.546801942   0.148904414   0.603448276   0.155172414
   5   1   5   1   0.525898675   0.121036730   0.534482759   0.051724138
   5   1   5   1   0.577951571   0.113815257   0.637931034   0.155172414
   5   1   5   1   0.588141194   0.144223082   0.672413793   0.189655172
   5   1   5   1   0.513637592   0.151703392   0.431034483   0.120689655
   5   1   5   1   0.597762652   0.164384971   0.637931034   0.189655172
   5   2   5   2   0.541639236   0.252346771   0.534482759   0.293103448
   5   2   5   2   0.522910702   0.223677873   0.534482759   0.189655172
   5   2   5   2   0.505184817   0.237253098   0.465517241   0.155172414
   5   2   5   2   0.577347752   0.259033220   0.534482759   0.362068966
   5   2   5   2   0.512688979   0.287357673   0.534482759   0.224137931
   5   2   5   2   0.549431810   0.217530867   0.568965517   0.189655172
   5   2   5   2   0.573638071   0.204005470   0.568965517   0.155172414
   5   2   5   2   0.513812311   0.200419474   0.500000000   0.120689655
   5   2   5   2   0.597799205   0.213423953   0.672413793   0.224137931
   5   3   5   3   0.503873133   0.335984320   0.534482759   0.396551724
   5   3   5   3   0.543799999   0.322670721   0.568965517   0.327586207
   5   3   5   3   0.558501686   0.369442598   0.568965517   0.362068966
   5   3   5   3   0.531955116   0.305446827   0.603448276   0.327586207
   5   3   5   3   0.575058027   0.351475040   0.603448276   0.293103448
   5   3   5   3   0.533326999   0.385772044   0.568965517   0.431034483
   5   3   5   3   0.554207503   0.398454778   0.637931034   0.396551724
   5   3   5   3   0.504948318   0.383575048   0.500000000   0.362068966
   5   3   5   3   0.586983613   0.384572245   0.603448276   0.362068966
   5   3   5   3   0.595283377   0.321617637   0.568965517   0.293103448
   5   4   5   4   0.552824955   0.422120052   0.534482759   0.431034483
   5   4   5   4   0.594728033   0.429704291   0.534482759   0.500000000
   5   4   5   4   0.502714648   0.426672870   0.500000000   0.431034483
   5   4   5   4   0.587025538   0.455770526   0.534482759   0.534482759
   5   4   5   4   0.531666472   0.445829533   0.465517241   0.568965517
   5   4   5   4   0.534289979   0.481292101   0.500000000   0.465517241
   5   4   5   4   0.529484138   0.423474016   0.568965517   0.396551724
   5   4   5   4   0.506818687   0.406850925   0.465517241   0.396551724
   5   5   5   5   0.528436021   0.509126546   0.500000000   0.534482759
   5   5   5   5   0.570354781   0.555386944   0.568965517   0.500000000
   5   5   5   5   0.540742604   0.547456945   0.568965517   0.534482759
   5   5   5   5   0.526409563   0.562402252   0.568965517   0.568965517
   5   5   5   5   0.555996059   0.585151875   0.603448276   0.534482759
   5   5   5   5   0.576378223   0.534980645   0.568965517   0.465517241
   5   5   5   5   0.592943579   0.548739740   0.706896552   0.500000000
   5   5   5   5   0.593650094   0.599750523   0.603448276   0.568965517
   5   5   5   5   0.515075911   0.530393361   0.465517241   0.637931034
   5   5   5   5   0.597020797   0.515857593   0.603448276   0.500000000
   5   5   5   5   0.501512258   0.565929584   0.534482759   0.568965517
   5   5   5   5   0.516924514   0.593734905   0.603448276   0.637931034
   5   6   5   6   0.562113683   0.620674189   0.534482759   0.603448276
   5   6   5   6   0.536258616   0.654352446   0.534482759   0.672413793
   5   6   5   6   0.549289805   0.682620885   0.568965517   0.637931034
   5   6   5   6   0.557514602   0.662446220   0.637931034   0.672413793
   5   6   5   6   0.506938903   0.653690722   0.534482759   0.637931034
   5   6   5   6   0.591708748   0.638182193   0.568965517   0.603448276
   5   6   5   6   0.503340362   0.690540492   0.500000000   0.672413793
   5   6   5   6   0.580968972   0.688132921   0.534482759   0.741379310
   5   6   5   6   0.595399913   0.659088797   0.568965517   0.672413793
   5   7   5   7   0.584346474   0.718160518   0.568965517   0.775862069
   5   7   5   7   0.573903763   0.768078409   0.534482759   0.810344828
   5   7   5   7   0.512814056   0.710600349   0.603448276   0.706896552
   5   7   5   7   0.569996466   0.745533180   0.500000000   0.706896552
   5   7   5   7   0.513952527   0.731430494   0.465517241   0.706896552
   5   7   5   7   0.596263729   0.792560222   0.603448276   0.775862069
   5   7   5   7   0.533038422   0.788806174   0.465517241   0.810344828
   5   8   5   8   0.528187281   0.858071836   0.500000000   0.844827586
   5   8   5   8   0.571049536   0.852870885   0.568965517   0.810344828
   5   8   5   8   0.593019025   0.879327137   0.568965517   0.844827586
   5   8   5   8   0.549304282   0.815885489   0.500000000   0.810344828
   5   8   5   8   0.588538305   0.814808067   0.603448276   0.810344828
   5   8   5   8   0.550067548   0.877788657   0.500000000   0.913793103
   5   8   5   8   0.501591802   0.889187386   0.534482759   0.844827586
   5   8   5   8   0.505824016   0.835888541   0.431034483   0.775862069
   5   8   5   8   0.565598950   0.898790683   0.568965517   0.879310345
   5   9   5   9   0.545486594   0.915035833   0.500000000   0.948275862
   5   9   5   9   0.577578425   0.918813196   0.534482759   0.913793103
   5   9   5   9   0.526710338   0.928689470   0.534482759   0.948275862
   5   9   5   9   0.537427093   0.953031176   0.534482759   0.982758621
   5   9   5   9   0.596350011   0.976412442   0.568965517   0.948275862
   5   9   5   9   0.554840284   0.935347502   0.603448276   0.982758621
   5   9   5   9   0.538140852   0.980869375   0.637931034   0.982758621
   5   9   5   9   0.512334672   0.988632322   0.431034483   0.982758621
   5   9   5   9   0.593137599   0.903243332   0.603448276   0.913793103
   6   0   6   0   0.636828994   0.025467461   0.637931034   0.051724138
   6   0   6   0   0.659845412   0.076271754   0.672413793   0.051724138
   6   0   6   0   0.606268140   0.013666620   0.706896552   0.051724138
   6   0   6   0   0.619383469   0.044310857   0.568965517   0.120689655
   6   0   6   0   0.634134797   0.077103064   0.637931034   0.086206897
   6   0   6   0   0.687857085   0.033301050   0.741379310   0.051724138
   6   0   6   0   0.610403494   0.093854046   0.637931034   0.120689655
   6   1   6   1   0.668911494   0.111644814   0.672413793   0.120689655
   6   1   6   1   0.683822803   0.180116721   0.672413793   0.155172414
   6   1   6   1   0.660562163   0.142014751   0.706896552   0.155172414
   6   1   6   1   0.628250691   0.124345351   0.672413793   0.086206897
   6   1   6   1   0.687143186   0.126034104   0.775862069   0.120689655
   6   1   6   1   0.665895058   0.189617208   0.637931034   0.224137931
   6   1   6   1   0.698903742   0.109440263   0.706896552   0.086206897
   6   2   6   2   0.638830635   0.228879636   0.637931034   0.258620690
   6   2   6   2   0.673084297   0.289089562   0.672413793   0.258620690
   6   2   6   2   0.662300028   0.270247503   0.672413793   0.293103448
   6   2   6   2   0.684705963   0.247729644   0.603448276   0.224137931
   6   2   6   2   0.618975976   0.225006666   0.603448276   0.189655172
   6   2   6   2   0.649529048   0.252794826   0.568965517   0.224137931
   6   2   6   2   0.697580150   0.275105513   0.706896552   0.224137931
   6   2   6   2   0.685554019   0.204867964   0.706896552   0.189655172
   6   2   6   2   0.637955312   0.282464202   0.568965517   0.258620690
   6   2   6   2   0.622734026   0.248542586   0.534482759   0.258620690
   6   3   6   3   0.693125574   0.339131552   0.637931034   0.327586207
   6   3   6   3   0.629707722   0.365909125   0.672413793   0.362068966
   6   3   6   3   0.626430580   0.315763226   0.603448276   0.258620690
   6   3   6   3   0.662762680   0.344147562   0.637931034   0.293103448
   6   3   6   3   0.664975960   0.322356819   0.706896552   0.293103448
   6   3   6   3   0.697515157   0.365189893   0.741379310   0.362068966
   6   4   6   4   0.626301470   0.416878598   0.603448276   0.465517241
   6   4   6   4   0.646844560   0.478847271   0.637931034   0.431034483
   6   4   6   4   0.694634713   0.477412347   0.637931034   0.500000000
   6   4   6   4   0.625742897   0.498876420   0.603448276   0.396551724
   6   4   6   4   0.672429191   0.467846511   0.706896552   0.431034483
   6   4   6   4   0.678574256   0.489659891   0.672413793   0.500000000
   6   4   6   4   0.680044092   0.433411797   0.672413793   0.431034483
   6   4   6   4   0.653957962   0.426859435   0.637931034   0.362068966
   6   4   6   4   0.611742567   0.400547398   0.603448276   0.431034483
   6   4   6   4   0.651135033   0.404376712   0.672413793   0.396551724
   6   5   6   5   0.616359175   0.527808984   0.637931034   0.534482759
   6   5   6   5   0.639290714   0.556204019   0.672413793   0.534482759
   6   5   6   5   0.616693238   0.581002200   0.706896552   0.534482759
   6   5   6   5   0.691189296   0.535462595   0.741379310   0.534482759
   6   5   6   5   0.635143981   0.520934775   0.637931034   0.465517241
   6   5   6   5   0.676364138   0.516560698   0.741379310   0.465517241
   6   5   6   5   0.667916791   0.580944132   0.741379310   0.637931034
   6   5   6   5   0.697587474   0.514279278   0.706896552   0.465517241
   6   6   6   6   0.641419682   0.628005279   0.637931034   0.637931034
   6   6   6   6   0.648682942   0.653173903   0.672413793   0.603448276
   6   6   6   6   0.626260846   0.677968940   0.637931034   0.603448276
   6   6   6   6   0.663782378   0.628244651   0.637931034   0.568965517
   6   6   6   6   0.632310819   0.607984264   0.603448276   0.603448276
   6   6   6   6   0.679573427   0.663947806   0.741379310   0.603448276
   6   6   6   6   0.609554915   0.691168721   0.637931034   0.706896552
   6   6   6   6   0.660757797   0.674729477   0.706896552   0.741379310
   6   6   6   6   0.655352835   0.608288919   0.672413793   0.568965517
   6   7   6   7   0.658212548   0.795010317   0.603448276   0.741379310
   6   7   6   7   0.651772447   0.721038540   0.637931034   0.775862069
   6   7   6   7   0.611192688   0.748045592   0.568965517   0.741379310
   6   7   6   7   0.602396577   0.769809342   0.672413793   0.844827586
   6   7   6   7   0.637908088   0.738680776   0.672413793   0.741379310
   6   7   6   7   0.683370863   0.788393466   0.706896552   0.844827586
   6   7   6   7   0.622348274   0.724929306   0.568965517   0.706896552
   6   7   6   7   0.629967444   0.704743468   0.672413793   0.672413793
   6   8   6   8   0.659630745   0.882627822   0.603448276   0.844827586
   6   8   6   8   0.624328951   0.835766433   0.637931034   0.810344828
   6   8   6   8   0.660454660   0.858669803   0.637931034   0.879310345
   6   8   6   8   0.680269266   0.864359710   0.706896552   0.810344828
   6   8   6   8   0.677010494   0.829472500   0.741379310   0.844827586
   6   8   6   8   0.641898319   0.826162009   0.637931034   0.741379310
   6   8   6   8   0.635318669   0.863512582   0.637931034   0.844827586
   6   8   6   8   0.683853808   0.887477435   0.672413793   0.810344828
   6   8   6   8   0.627217967   0.887951306   0.672413793   0.913793103
   6   9   6   9   0.683287453   0.962211653   0.603448276   0.948275862
   6   9   6   9   0.632458149   0.913067482   0.672413793   0.948275862
   6   9   6   9   0.699119176   0.979112773   0.672413793   0.982758621
   6   9   6   9   0.620333331   0.982166579   0.568965517   0.913793103
   6   9   6   9   0.663420622   0.964824245   0.568965517   0.982758621
   6   9   6   9   0.642374818   0.962038898   0.637931034   0.948275862
   6   9   6   9   0.651985273   0.907192485   0.637931034   0.913793103
   6   9   6   9   0.612263167   0.935981091   0.603448276   0.879310345
   7   0   7   0   0.729542853   0.047846920   0.741379310   0.017241379
   7   0   7   0   0.773683189   0.083785323   0.741379310   0.086206897
   7   0   7   0   0.737539023   0.015458105   0.775862069   0.017241379
   7   0   7   0   0.749550883   0.051475513   0.775862069   0.051724138
   7   0   7   0   0.729921865   0.069523486   0.706896552   0.120689655
   7   0   7   0   0.770518899   0.047734131   0.810344828   0.051724138
   7   0   7   0   0.715458609   0.013838710   0.706896552   0.017241379
   7   0   7   0   0.791040790   0.026533686   0.810344828   0.017241379
   7   1   7   1   0.761015711   0.151605849   0.741379310   0.155172414
   7   1   7   1   0.705868158   0.137311277   0.775862069   0.155172414
   7   1   7   1   0.733925298   0.146832236   0.775862069   0.189655172
   7   1   7   1   0.784326272   0.146637971   0.741379310   0.120689655
   7   1   7   1   0.724663550   0.198894999   0.775862069   0.224137931
   7   1   7   1   0.785591572   0.184277238   0.844827586   0.120689655
   7   1   7   1   0.792288347   0.127495515   0.844827586   0.086206897
   7   1   7   1   0.701081706   0.157708498   0.741379310   0.189655172
   7   2   7   2   0.772129859   0.239153079   0.706896552   0.258620690
   7   2   7   2   0.729402519   0.265925957   0.741379310   0.224137931
   7   2   7   2   0.768039191   0.290688108   0.775862069   0.258620690
   7   2   7   2   0.705284166   0.231048051   0.810344828   0.189655172
   7   2   7   2   0.758399932   0.259221244   0.672413793   0.327586207
   7   2   7   2   0.780567111   0.210860004   0.844827586   0.155172414
   7   2   7   2   0.783997443   0.273831923   0.810344828   0.293103448
   7   2   7   2   0.795004087   0.239215910   0.844827586   0.189655172
   7   2   7   2   0.713264060   0.287726030   0.706896552   0.327586207
   7   2   7   2   0.794991984   0.291666507   0.775862069   0.327586207
   7   3   7   3   0.716769537   0.389732956   0.741379310   0.327586207
   7   3   7   3   0.769789575   0.312182520   0.775862069   0.362068966
   7   3   7   3   0.734024109   0.371660796   0.741379310   0.293103448
   7   3   7   3   0.714449878   0.313892910   0.741379310   0.258620690
   7   3   7   3   0.748703636   0.315091199   0.775862069   0.293103448
   7   3   7   3   0.759666543   0.370848404   0.810344828   0.362068966
   7   3   7   3   0.792379159   0.324782229   0.810344828   0.327586207
   7   4   7   4   0.751669806   0.489045690   0.775862069   0.431034483
   7   4   7   4   0.745463759   0.450638167   0.775862069   0.465517241
   7   4   7   4   0.773937153   0.493763613   0.706896552   0.396551724
   7   4   7   4   0.716828309   0.475611540   0.706896552   0.362068966
   7   4   7   4   0.716337248   0.451502400   0.775862069   0.396551724
   7   4   7   4   0.713149103   0.412368272   0.741379310   0.396551724
   7   4   7   4   0.774160713   0.432102808   0.741379310   0.431034483
   7   4   7   4   0.743315181   0.408349187   0.810344828   0.396551724
   7   4   7   4   0.797513576   0.498685595   0.810344828   0.465517241
   7   5   7   5   0.706839960   0.552593770   0.706896552   0.568965517
   7   5   7   5   0.755852975   0.533587834   0.741379310   0.500000000
   7   5   7   5   0.734861808   0.519427391   0.741379310   0.568965517
   7   5   7   5   0.760307675   0.566974727   0.775862069   0.500000000
   7   5   7   5   0.791019227   0.564034354   0.810344828   0.500000000
   7   5   7   5   0.701064399   0.589041525   0.706896552   0.637931034
   7   5   7   5   0.777861765   0.526866442   0.810344828   0.534482759
   7   5   7   5   0.735467923   0.575339362   0.706896552   0.603448276
   7   5   7   5   0.717288657   0.501403524   0.672413793   0.465517241
   7   6   7   6   0.742584521   0.604261683   0.706896552   0.672413793
   7   6   7   6   0.776108272   0.659951239   0.741379310   0.672413793
   7   6   7   6   0.745663646   0.657849382   0.775862069   0.603448276
   7   6   7   6   0.724723079   0.665280901   0.672413793   0.637931034
   7   6   7   6   0.733106028   0.686835532   0.672413793   0.706896552
   7   6   7   6   0.798010163   0.681319663   0.741379310   0.741379310
   7   6   7   6   0.766084005   0.618041369   0.775862069   0.534482759
   7   6   7   6   0.766420308   0.680329776   0.775862069   0.672413793
   7   6   7   6   0.704333991   0.672471468   0.603448276   0.672413793
   7   7   7   7   0.748845678   0.782693320   0.741379310   0.775862069
   7   7   7   7   0.727007896   0.736743091   0.741379310   0.810344828
   7   7   7   7   0.777474386   0.743459238   0.775862069   0.844827586
   7   7   7   7   0.723795352   0.716233623   0.775862069   0.741379310
   7   7   7   7   0.796562688   0.776805459   0.775862069   0.775862069
   7   7   7   7   0.701046074   0.751070672   0.672413793   0.775862069
   7   8   7   8   0.734512514   0.807715453   0.706896552   0.775862069
   7   8   7   8   0.717943470   0.827118416   0.706896552   0.913793103
   7   8   7   8   0.741555588   0.850908799   0.672413793   0.879310345
   7   8   7   8   0.768026245   0.866644073   0.775862069   0.810344828
   7   8   7   8   0.750338009   0.879656315   0.741379310   0.948275862
   7   8   7   8   0.784784360   0.849589238   0.810344828   0.913793103
   7   8   7   8   0.787155476   0.823529205   0.810344828   0.844827586
   7   8   7   8   0.702303677   0.807915347   0.706896552   0.706896552
   7   9   7   9   0.776047920   0.967832527   0.741379310   0.913793103
   7   9   7   9   0.733407356   0.961001305   0.775862069   0.948275862
   7   9   7   9   0.787390726   0.988229971   0.775862069   0.982758621
   7   9   7   9   0.721210235   0.931956095   0.706896552   0.982758621
   7   9   7   9   0.766074901   0.985279381   0.706896552   0.948275862
   7   9   7   9   0.783132720   0.945066013   0.844827586   0.948275862
   7   9   7   9   0.744370721   0.911538758   0.706896552   0.879310345
   7   9   7   9   0.796753774   0.915922745   0.741379310   0.879310345
   7   9   7   9   0.766714476   0.910029948   0.775862069   0.879310345
   7   9   7   9   0.701763314   0.938509850   0.741379310   0.982758621
   8   0   8   0   0.807915819   0.056915955   0.810344828   0.086206897
   8   0   8   0   0.830842056   0.051320909   0.844827586   0.017241379
   8   0   8   0   0.835432131   0.015522252   0.879310345   0.051724138
   8   0   8   0   0.829868591   0.079641214   0.879310345   0.086206897
   8   0   8   0   0.895802010   0.017137491   0.913793103   0.017241379
   8   0   8   0   0.870290792   0.016126846   0.879310345   0.017241379
   8   1   8   1   0.820526854   0.104797126   0.810344828   0.120689655
   8   1   8   1   0.883734572   0.199523106   0.913793103   0.155172414
   8   1   8   1   0.855552237   0.186108126   0.775862069   0.086206897
   8   1   8   1   0.873115790   0.160605279   0.913793103   0.120689655
   8   1   8   1   0.822184286   0.156889782   0.810344828   0.155172414
   8   1   8   1   0.897852320   0.151946564   0.879310345   0.120689655
   8   1   8   1   0.882008345   0.100785819   0.913793103   0.086206897
   8   2   8   2   0.846065232   0.278238031   0.810344828   0.224137931
   8   2   8   2   0.861433477   0.248700090   0.844827586   0.258620690
   8   2   8   2   0.878636421   0.268793342   0.879310345   0.224137931
   8   2   8   2   0.819618312   0.206424394   0.879310345   0.293103448
   8   2   8   2   0.871963579   0.289806966   0.844827586   0.293103448
   8   2   8   2   0.828785007   0.293644632   0.810344828   0.258620690
   8   3   8   3   0.815738065   0.347843603   0.844827586   0.327586207
   8   3   8   3   0.835530507   0.321690976   0.913793103   0.293103448
   8   3   8   3   0.888838310   0.361002313   0.879310345   0.396551724
   8   3   8   3   0.886257836   0.384070108   0.844827586   0.362068966
   8   3   8   3   0.878834945   0.310891341   0.879310345   0.327586207
   8   3   8   3   0.829305832   0.389139105   0.879310345   0.362068966
   8   4   8   4   0.822561087   0.449097667   0.844827586   0.431034483
   8   4   8   4   0.861532458   0.475337609   0.844827586   0.465517241
   8   4   8   4   0.848374097   0.443115463   0.879310345   0.431034483
   8   4   8   4   0.826457580   0.426398725   0.844827586   0.396551724
   8   4   8   4   0.892694667   0.437482314   0.913793103   0.431034483
   8   4   8   4   0.841596637   0.467083451   0.844827586   0.500000000
   8   4   8   4   0.867706385   0.421193160   0.913793103   0.396551724
   8   4   8   4   0.881652313   0.483639445   0.913793103   0.500000000
   8   4   8   4   0.805372418   0.474417276   0.810344828   0.431034483
   8   4   8   4   0.847572362   0.490469145   0.879310345   0.465517241
   8   4   8   4   0.899715850   0.406604070   0.913793103   0.465517241
   8   4   8   4   0.898054047   0.469515580   0.913793103   0.362068966
   8   5   8   5   0.850774062   0.522564714   0.844827586   0.534482759
   8   5   8   5   0.826787821   0.509542715   0.879310345   0.534482759
   8   5   8   5   0.877730659   0.539203338   0.879310345   0.568965517
   8   5   8   5   0.824460880   0.545746133   0.775862069   0.568965517
   8   5   8   5   0.853438257   0.560285374   0.775862069   0.637931034
   8   5   8   5   0.881160394   0.561606720   0.948275862   0.500000000
   8   5   8   5   0.806801146   0.585399863   0.810344828   0.603448276
   8   6   8   6   0.868722343   0.644434992   0.810344828   0.637931034
   8   6   8   6   0.885681698   0.600353069   0.844827586   0.672413793
   8   6   8   6   0.836778973   0.684053791   0.775862069   0.706896552
   8   6   8   6   0.838225588   0.638994852   0.844827586   0.637931034
   8   6   8   6   0.860477587   0.672738460   0.913793103   0.741379310
   8   6   8   6   0.815330664   0.621003083   0.810344828   0.568965517
   8   6   8   6   0.837986437   0.606856454   0.844827586   0.568965517
   8   6   8   6   0.898565956   0.620559215   0.982758621   0.568965517
   8   7   8   7   0.871483793   0.767883628   0.810344828   0.706896552
   8   7   8   7   0.826266560   0.767906556   0.844827586   0.741379310
   8   7   8   7   0.832897136   0.748871793   0.879310345   0.741379310
   8   7   8   7   0.862711487   0.732405002   0.879310345   0.775862069
   8   7   8   7   0.849725641   0.760025055   0.810344828   0.672413793
   8   7   8   7   0.820343010   0.714680827   0.844827586   0.706896552
   8   7   8   7   0.812360338   0.798095679   0.810344828   0.775862069
   8   7   8   7   0.846223455   0.784960731   0.810344828   0.810344828
   8   7   8   7   0.805212808   0.735808835   0.810344828   0.741379310
   8   7   8   7   0.884846085   0.715051284   0.948275862   0.672413793
   8   7   8   7   0.891654690   0.761478306   0.879310345   0.672413793
   8   7   8   7   0.802791871   0.701464932   0.741379310   0.706896552
   8   7   8   7   0.854967156   0.705164451   0.948275862   0.637931034
   8   8   8   8   0.851719316   0.823875306   0.844827586   0.810344828
   8   8   8   8   0.840791457   0.840970541   0.844827586   0.844827586
   8   8   8   8   0.861728424   0.848892439   0.879310345   0.879310345
   8   8   8   8   0.847630551   0.875763572   0.844827586   0.913793103
   8   8   8   8   0.898240524   0.820056077   0.913793103   0.775862069
   8   9   8   9   0.807245741   0.974071871   0.810344828   0.948275862
   8   9   8   9   0.836656617   0.988154293   0.810344828   0.982758621
   8   9   8   9   0.856268959   0.939081799   0.844827586   0.982758621
   8   9   8   9   0.876685053   0.962478583   0.913793103   0.982758621
   8   9   8   9   0.810351877   0.937178640   0.879310345   0.913793103
   8   9   8   9   0.841685591   0.962743890   0.775862069   0.913793103
   8   9   8   9   0.880362826   0.910582249   0.879310345   0.844827586
   8   9   8   9   0.827187718   0.918042071   0.810344828   0.879310345
   8   9   8   9   0.887986408   0.944498555   0.879310345   0.948275862
   9   0   9   0   0.938048563   0.060376295   0.948275862   0.017241379
   9   0   9   0   0.989170985   0.040559021   0.948275862   0.086206897
   9   0   9   0   0.980076257   0.020307345   0.982758621   0.051724138
   9   0   9   0   0.972584198   0.064581546   0.982758621   0.086206897
   9   0   9   0   0.911462840   0.087266626   0.948275862   0.120689655
   9   0   9   0   0.922627759   0.029568825   0.982758621   0.017241379
   9   0   9   0   0.936017044   0.099175613   0.948275862   0.051724138
   9   1   9   1   0.971955374   0.108439236   0.948275862   0.155172414
   9   1   9   1   0.984066337   0.180920245   0.982758621   0.120689655
   9   1   9   1   0.973784544   0.151816282   0.982758621   0.155172414
   9   1   9   1   0.919631768   0.160087437   0.982758621   0.189655172
   9   1   9   1   0.937749431   0.180481082   0.982758621   0.224137931
   9   1   9   1   0.984001541   0.132121556   0.913793103   0.051724138
   9   1   9   1   0.907524589   0.112824966   0.844827586   0.051724138
   9   1   9   1   0.963187262   0.199266725   0.913793103   0.189655172
   9   2   9   2   0.955125250   0.220271957   0.913793103   0.224137931
   9   2   9   2   0.932943185   0.258971937   0.913793103   0.258620690
   9   2   9   2   0.937941162   0.282030694   0.948275862   0.258620690
   9   2   9   2   0.982580030   0.220679294   0.982758621   0.258620690
   9   2   9   2   0.976543000   0.280052906   0.948275862   0.189655172
   9   2   9   2   0.955207930   0.247054179   0.879310345   0.258620690
   9   2   9   2   0.931632241   0.217869258   0.879310345   0.189655172
   9   2   9   2   0.906724824   0.214160178   0.879310345   0.155172414
   9   2   9   2   0.907180516   0.257852576   0.844827586   0.224137931
   9   3   9   3   0.933395638   0.360550159   0.948275862   0.327586207
   9   3   9   3   0.910381374   0.385403545   0.948275862   0.362068966
   9   3   9   3   0.985239522   0.347335360   0.982758621   0.327586207
   9   3   9   3   0.968563280   0.371867902   0.982758621   0.362068966
   9   3   9   3   0.964964067   0.344722773   0.948275862   0.293103448
   9   3   9   3   0.955687898   0.321352912   0.982758621   0.293103448
   9   3   9   3   0.903167745   0.340683128   0.948275862   0.224137931
   9   3   9   3   0.925235069   0.399151273   0.948275862   0.396551724
   9   4   9   4   0.957609801   0.480239017   0.948275862   0.465517241
   9   4   9   4   0.927497760   0.437558639   0.982758621   0.431034483
   9   4   9   4   0.975698896   0.464424428   0.982758621   0.465517241
   9   4   9   4   0.985715240   0.491860510   0.982758621   0.396551724
   9   4   9   4   0.956882889   0.423204621   0.913793103   0.327586207
   9   4   9   4   0.925039738   0.482243393   0.913793103   0.534482759
   9   4   9   4   0.955929192   0.402385497   0.948275862   0.431034483
   9   5   9   5   0.963996765   0.556498206   0.948275862   0.568965517
   9   5   9   5   0.967951366   0.522282272   0.982758621   0.534482759
   9   5   9   5   0.985339430   0.538301976   0.948275862   0.603448276
   9   5   9   5   0.943803578   0.567478405   0.879310345   0.603448276
   9   5   9   5   0.947830410   0.512297763   0.982758621   0.500000000
   9   5   9   5   0.982140561   0.579293633   0.982758621   0.637931034
   9   5   9   5   0.907361072   0.508121691   0.879310345   0.500000000
   9   5   9   5   0.925443268   0.575505665   0.913793103   0.568965517
   9   5   9   5   0.904945550   0.529420396   0.948275862   0.534482759
   9   6   9   6   0.957626047   0.678190228   0.913793103   0.672413793
   9   6   9   6   0.989000884   0.636649725   0.982758621   0.603448276
   9   6   9   6   0.973456233   0.665050594   0.982758621   0.672413793
   9   6   9   6   0.953542695   0.658199666   0.913793103   0.603448276
   9   6   9   6   0.925450089   0.640359463   0.913793103   0.637931034
   9   6   9   6   0.957900381   0.637514671   0.844827586   0.603448276
   9   6   9   6   0.968678954   0.698454353   0.982758621   0.706896552
   9   6   9   6   0.910428974   0.681315838   0.879310345   0.637931034
   9   7   9   7   0.947030158   0.729811679   0.948275862   0.706896552
   9   7   9   7   0.928257104   0.784131154   0.948275862   0.775862069
   9   7   9   7   0.975825202   0.735544123   0.982758621   0.741379310
   9   7   9   7   0.983215130   0.754493962   0.982758621   0.775862069
   9   7   9   7   0.962968603   0.755339069   0.982758621   0.810344828
   9   7   9   7   0.939971694   0.703102813   0.879310345   0.706896552
   9   7   9   7   0.951256937   0.786132408   0.948275862   0.844827586
   9   7   9   7   0.933107983   0.751100537   0.913793103   0.706896552
   9   7   9   7   0.921195783   0.723679269   0.948275862   0.741379310
   9   7   9   7   0.975611294   0.779151525   0.948275862   0.810344828
   9   7   9   7   0.911313236   0.795199310   0.844827586   0.775862069
   9   8   9   8   0.946553911   0.858882456   0.913793103   0.844827586
   9   8   9   8   0.988711758   0.822319239   0.982758621   0.844827586
   9   8   9   8   0.987668250   0.854771213   0.982758621   0.879310345
   9   8   9   8   0.965053772   0.866642564   0.913793103   0.810344828
   9   8   9   8   0.954124144   0.894564719   0.844827586   0.879310345
   9   8   9   8   0.934958811   0.875494111   0.879310345   0.810344828
   9   8   9   8   0.918854737   0.837424119   0.879310345   0.982758621
   9   9   9   9   0.927914157   0.977839340   0.913793103   0.913793103
   9   9   9   9   0.921150123   0.913479923   0.948275862   0.913793103
   9   9   9   9   0.967424554   0.917481994   0.948275862   0.948275862
   9   9   9   9   0.989381890   0.986609791   0.948275862   0.982758621
   9   9   9   9   0.970093265   0.941601936   0.982758621   0.913793103
   9   9   9   9   0.958421452   0.967614512   0.982758621   0.948275862
   9   9   9   9   0.981648592   0.959234099   0.982758621   0.982758621
   9   9   9   9   0.987901526   0.917336980   0.948275862   0.879310345
   9   9   9   9   0.916596596   0.938079661   0.913793103   0.879310345
   9   9   9   9   0.916311307   0.958994085   0.913793103   0.948275862
