# ix  iyhoodxhoody             x             y         x_org         y_org
   0   0   0   0   0.011499579   0.012697060   0.017241379   0.017241379
   0   0   0   0   0.032034236   0.031916566   0.017241379   0.051724138
   0   0   0   0   0.011846940   0.089919934   0.017241379   0.086206897
   0   0   0   0   0.080646922   0.033127908   0.051724138   0.017241379
   0   0   0   0   0.055706308   0.060158866   0.051724138   0.051724138
   0   0   0   0   0.030278610   0.080524887   0.051724138   0.086206897
   0   0   0   0   0.056447667   0.035762633   0.155172414   0.051724138
   0   1   0   1   0.024033027   0.112773157   0.017241379   0.120689655
   0   1   0   1   0.029673069   0.164517206   0.017241379   0.155172414
   0   1   0   1   0.013006302   0.175838490   0.017241379   0.189655172
   0   1   0   1   0.075337771   0.121081945   0.051724138   0.120689655
   0   1   0   1   0.051867846   0.156390625   0.051724138   0.155172414
   0   1   0   1   0.077187029   0.167230933   0.086206897   0.155172414
   0   1   0   1   0.088721711   0.184580686   0.051724138   0.189655172
   0   1   0   1   0.031945092   0.194221362   0.051724138   0.224137931
   0   1   0   1   0.052642309   0.104826739   0.086206897   0.086206897
   0   2   0   2   0.020654941   0.252274728   0.017241379   0.224137931
   0   2   0   2   0.042926881   0.272884663   0.017241379   0.258620690
   0   2   0   2   0.016493046   0.221594194   0.051724138   0.258620690
   0   2   0   2   0.067306963   0.291817569   0.051724138   0.293103448
   0   2   0   2   0.056741991   0.243559422   0.120689655   0.258620690
   0   2   0   2   0.099417760   0.260027853   0.086206897   0.258620690
   0   2   0   2   0.073631466   0.223174229   0.120689655   0.189655172
   0   3   0   3   0.012293208   0.303825629   0.017241379   0.327586207
   0   3   0   3   0.040688586   0.342829869   0.017241379   0.362068966
   0   3   0   3   0.090669206   0.347514785   0.086206897   0.327586207
   0   3   0   3   0.052598979   0.396387630   0.086206897   0.362068966
   0   3   0   3   0.067734958   0.322556340   0.086206897   0.293103448
   0   3   0   3   0.050188370   0.364818894   0.086206897   0.396551724
   0   3   0   3   0.049494080   0.304235311   0.017241379   0.293103448
   0   3   0   3   0.093909561   0.370925988   0.155172414   0.431034483
   0   4   0   4   0.040814831   0.458041924   0.017241379   0.431034483
   0   4   0   4   0.012599419   0.491132962   0.017241379   0.465517241
   0   4   0   4   0.076774086   0.473435538   0.051724138   0.396551724
   0   4   0   4   0.045979148   0.495249543   0.051724138   0.500000000
   0   4   0   4   0.063763746   0.453376509   0.017241379   0.396551724
   0   4   0   4   0.044560878   0.422338208   0.051724138   0.362068966
   0   4   0   4   0.096792449   0.430588235   0.120689655   0.431034483
   0   4   0   4   0.069023394   0.408578771   0.086206897   0.431034483
   0   5   0   5   0.059951732   0.529648404   0.017241379   0.500000000
   0   5   0   5   0.030731338   0.516634405   0.017241379   0.534482759
   0   5   0   5   0.061856049   0.583368527   0.017241379   0.568965517
   0   5   0   5   0.035207367   0.562323535   0.051724138   0.568965517
   0   5   0   5   0.077481753   0.560086834   0.086206897   0.534482759
   0   5   0   5   0.011781685   0.571863662   0.017241379   0.603448276
   0   5   0   5   0.081740463   0.539171655   0.120689655   0.534482759
   0   5   0   5   0.013213527   0.526908128   0.051724138   0.465517241
   0   5   0   5   0.039194350   0.595120832   0.017241379   0.637931034
   0   5   0   5   0.081534738   0.503992118   0.051724138   0.431034483
   0   6   0   6   0.023817878   0.654259923   0.017241379   0.672413793
   0   6   0   6   0.018717528   0.613952043   0.051724138   0.672413793
   0   6   0   6   0.056754584   0.678789545   0.086206897   0.637931034
   0   6   0   6   0.055519448   0.608897767   0.051724138   0.706896552
   0   6   0   6   0.078077396   0.690150086   0.120689655   0.672413793
   0   6   0   6   0.020387288   0.694070260   0.017241379   0.706896552
   0   6   0   6   0.088339709   0.603602943   0.051724138   0.603448276
   0   7   0   7   0.014041559   0.734479475   0.017241379   0.741379310
   0   7   0   7   0.014412827   0.764354630   0.017241379   0.775862069
   0   7   0   7   0.061857043   0.738889773   0.051724138   0.741379310
   0   7   0   7   0.035953735   0.740694805   0.051724138   0.775862069
   0   7   0   7   0.033380111   0.709469674   0.086206897   0.706896552
   0   7   0   7   0.023108437   0.787186268   0.086206897   0.741379310
   0   7   0   7   0.086818605   0.755099553   0.120689655   0.741379310
   0   7   0   7   0.087605290   0.725854335   0.120689655   0.706896552
   0   7   0   7   0.099523993   0.709664510   0.086206897   0.672413793
   0   8   0   8   0.011826230   0.807450816   0.017241379   0.810344828
   0   8   0   8   0.020368142   0.843851081   0.017241379   0.844827586
   0   8   0   8   0.017640683   0.873815729   0.017241379   0.879310345
   0   8   0   8   0.054771609   0.810906870   0.051724138   0.810344828
   0   8   0   8   0.082416728   0.833507742   0.051724138   0.844827586
   0   8   0   8   0.077429612   0.854933349   0.051724138   0.879310345
   0   8   0   8   0.094993248   0.871963834   0.086206897   0.844827586
   0   9   0   9   0.011208827   0.933234445   0.017241379   0.948275862
   0   9   0   9   0.016802798   0.971032683   0.017241379   0.982758621
   0   9   0   9   0.067584919   0.938368747   0.051724138   0.948275862
   0   9   0   9   0.047715789   0.959925918   0.051724138   0.982758621
   0   9   0   9   0.096579711   0.954292296   0.086206897   0.982758621
   0   9   0   9   0.019544910   0.907294286   0.017241379   0.913793103
   1   0   1   0   0.125127075   0.035807919   0.120689655   0.017241379
   1   0   1   0   0.153893257   0.054396600   0.120689655   0.051724138
   1   0   1   0   0.178725534   0.058025839   0.120689655   0.086206897
   1   0   1   0   0.155828929   0.017126039   0.155172414   0.017241379
   1   0   1   0   0.172404564   0.035497328   0.189655172   0.017241379
   1   0   1   0   0.197959111   0.081178823   0.155172414   0.120689655
   1   0   1   0   0.100512899   0.014212921   0.086206897   0.017241379
   1   0   1   0   0.124221981   0.091499322   0.086206897   0.120689655
   1   1   1   1   0.180149278   0.100258566   0.120689655   0.120689655
   1   1   1   1   0.154806155   0.114757993   0.120689655   0.155172414
   1   1   1   1   0.150859211   0.158162376   0.155172414   0.155172414
   1   1   1   1   0.188220338   0.191294101   0.189655172   0.120689655
   1   1   1   1   0.121674648   0.178442762   0.120689655   0.224137931
   1   1   1   1   0.106979440   0.109808258   0.086206897   0.051724138
   1   1   1   1   0.104409638   0.163807110   0.086206897   0.189655172
   1   1   1   1   0.160483931   0.198083380   0.189655172   0.189655172
   1   1   1   1   0.103253111   0.138028943   0.155172414   0.189655172
   1   2   1   2   0.118329061   0.221183858   0.155172414   0.224137931
   1   2   1   2   0.173089310   0.282328912   0.155172414   0.258620690
   1   2   1   2   0.164520871   0.230118801   0.189655172   0.224137931
   1   2   1   2   0.193919551   0.290048995   0.189655172   0.258620690
   1   2   1   2   0.180435694   0.255305641   0.189655172   0.293103448
   1   2   1   2   0.141979525   0.266596953   0.086206897   0.224137931
   1   2   1   2   0.194350751   0.224835921   0.189655172   0.155172414
   1   2   1   2   0.155695273   0.296464226   0.120689655   0.293103448
   1   3   1   3   0.103070964   0.326218418   0.120689655   0.327586207
   1   3   1   3   0.134756255   0.328714741   0.120689655   0.362068966
   1   3   1   3   0.162171561   0.325604441   0.155172414   0.327586207
   1   3   1   3   0.113878446   0.358655640   0.155172414   0.362068966
   1   3   1   3   0.139702857   0.362532089   0.189655172   0.327586207
   1   3   1   3   0.138290182   0.383596244   0.051724138   0.327586207
   1   3   1   3   0.163911708   0.375042375   0.155172414   0.396551724
   1   3   1   3   0.176429429   0.305403589   0.155172414   0.293103448
   1   4   1   4   0.138790917   0.438499458   0.120689655   0.465517241
   1   4   1   4   0.163093291   0.472724661   0.155172414   0.465517241
   1   4   1   4   0.126569348   0.416999642   0.189655172   0.431034483
   1   4   1   4   0.181482060   0.446915030   0.189655172   0.465517241
   1   4   1   4   0.186929544   0.411392335   0.189655172   0.396551724
   1   4   1   4   0.132771258   0.466697737   0.086206897   0.500000000
   1   4   1   4   0.113219130   0.456780985   0.086206897   0.465517241
   1   4   1   4   0.149135651   0.487105320   0.155172414   0.534482759
   1   4   1   4   0.194316731   0.464214647   0.258620690   0.465517241
   1   4   1   4   0.153854435   0.405922838   0.120689655   0.396551724
   1   4   1   4   0.103169419   0.481055423   0.051724138   0.534482759
   1   5   1   5   0.145048430   0.541494184   0.120689655   0.568965517
   1   5   1   5   0.130415010   0.576154184   0.086206897   0.603448276
   1   5   1   5   0.131853487   0.521167116   0.086206897   0.568965517
   1   5   1   5   0.175448777   0.561352812   0.224137931   0.568965517
   1   5   1   5   0.176323589   0.541134830   0.155172414   0.500000000
   1   5   1   5   0.101642914   0.506489279   0.120689655   0.500000000
   1   5   1   5   0.108499637   0.598301082   0.120689655   0.603448276
   1   5   1   5   0.177188596   0.518674763   0.224137931   0.465517241
   1   5   1   5   0.199750858   0.535018187   0.189655172   0.534482759
   1   5   1   5   0.199952767   0.509249945   0.189655172   0.500000000
   1   6   1   6   0.123456009   0.667952765   0.120689655   0.637931034
   1   6   1   6   0.134820556   0.641410812   0.155172414   0.603448276
   1   6   1   6   0.145245716   0.694542813   0.155172414   0.637931034
   1   6   1   6   0.164176652   0.652850861   0.155172414   0.672413793
   1   6   1   6   0.164652243   0.685915030   0.189655172   0.706896552
   1   6   1   6   0.102067733   0.673887893   0.155172414   0.706896552
   1   6   1   6   0.184012413   0.634068776   0.189655172   0.603448276
   1   6   1   6   0.158500568   0.600842654   0.155172414   0.568965517
   1   6   1   6   0.113910983   0.634217912   0.051724138   0.637931034
   1   7   1   7   0.128340508   0.721523705   0.155172414   0.741379310
   1   7   1   7   0.163483250   0.718275434   0.155172414   0.775862069
   1   7   1   7   0.190741487   0.757881542   0.155172414   0.810344828
   1   7   1   7   0.170580879   0.776400286   0.155172414   0.844827586
   1   7   1   7   0.120503760   0.770301404   0.086206897   0.775862069
   1   8   1   8   0.101412893   0.848975700   0.120689655   0.810344828
   1   8   1   8   0.121433480   0.847176820   0.120689655   0.844827586
   1   8   1   8   0.149165371   0.875743578   0.120689655   0.879310345
   1   8   1   8   0.152707624   0.839296092   0.155172414   0.879310345
   1   8   1   8   0.177168604   0.836380937   0.189655172   0.844827586
   1   8   1   8   0.154954139   0.811212258   0.120689655   0.775862069
   1   8   1   8   0.131074583   0.884927739   0.086206897   0.879310345
   1   8   1   8   0.185307643   0.806348437   0.224137931   0.810344828
   1   8   1   8   0.192277206   0.894472965   0.224137931   0.879310345
   1   8   1   8   0.107511173   0.827759093   0.086206897   0.810344828
   1   8   1   8   0.196474495   0.874309817   0.258620690   0.879310345
   1   8   1   8   0.101032792   0.898027831   0.051724138   0.913793103
   1   9   1   9   0.121093203   0.911080890   0.120689655   0.913793103
   1   9   1   9   0.160196909   0.961933057   0.120689655   0.948275862
   1   9   1   9   0.111078505   0.973492127   0.120689655   0.982758621
   1   9   1   9   0.172735633   0.924269635   0.155172414   0.913793103
   1   9   1   9   0.193894833   0.985119436   0.155172414   0.948275862
   1   9   1   9   0.135227499   0.979992793   0.155172414   0.982758621
   1   9   1   9   0.154323183   0.989050765   0.189655172   0.982758621
   1   9   1   9   0.130311867   0.940850222   0.086206897   0.948275862
   1   9   1   9   0.163886119   0.901417684   0.189655172   0.879310345
   1   9   1   9   0.104831004   0.923538600   0.086206897   0.913793103
   2   0   2   0   0.276025267   0.025261263   0.224137931   0.017241379
   2   0   2   0   0.226420995   0.082198031   0.224137931   0.051724138
   2   0   2   0   0.283982595   0.057203824   0.258620690   0.017241379
   2   0   2   0   0.258510023   0.037439499   0.258620690   0.051724138
   2   0   2   0   0.252922113   0.062882314   0.258620690   0.086206897
   2   0   2   0   0.286224624   0.078875943   0.293103448   0.051724138
   2   0   2   0   0.202993299   0.039191451   0.189655172   0.051724138
   2   0   2   0   0.225462419   0.051609908   0.155172414   0.086206897
   2   1   2   1   0.216270981   0.132821423   0.224137931   0.120689655
   2   1   2   1   0.219895749   0.179630726   0.224137931   0.155172414
   2   1   2   1   0.233895024   0.116674228   0.258620690   0.120689655
   2   1   2   1   0.279778019   0.160194838   0.258620690   0.155172414
   2   1   2   1   0.260341928   0.172160899   0.258620690   0.189655172
   2   1   2   1   0.273162106   0.138431035   0.293103448   0.120689655
   2   1   2   1   0.234161773   0.150960070   0.224137931   0.086206897
   2   1   2   1   0.254825586   0.194599214   0.258620690   0.224137931
   2   1   2   1   0.298924154   0.144336938   0.327586207   0.120689655
   2   1   2   1   0.205372971   0.159107847   0.189655172   0.086206897
   2   2   2   2   0.239710710   0.222882316   0.224137931   0.224137931
   2   2   2   2   0.238065225   0.278587351   0.224137931   0.258620690
   2   2   2   2   0.238447152   0.249339470   0.258620690   0.258620690
   2   2   2   2   0.258218248   0.253867182   0.293103448   0.258620690
   2   2   2   2   0.265201507   0.229254507   0.293103448   0.189655172
   2   2   2   2   0.291165697   0.258205704   0.293103448   0.293103448
   2   2   2   2   0.206890766   0.254102367   0.224137931   0.189655172
   2   3   2   3   0.269438263   0.325254392   0.224137931   0.327586207
   2   3   2   3   0.235253515   0.329158725   0.224137931   0.362068966
   2   3   2   3   0.278135128   0.398776783   0.258620690   0.362068966
   2   3   2   3   0.261512534   0.355168399   0.293103448   0.362068966
   2   3   2   3   0.251209418   0.380076392   0.189655172   0.362068966
   2   3   2   3   0.288684403   0.346760872   0.327586207   0.396551724
   2   3   2   3   0.235915748   0.303695567   0.224137931   0.293103448
   2   4   2   4   0.232382397   0.451282612   0.224137931   0.431034483
   2   4   2   4   0.240486089   0.424926944   0.258620690   0.431034483
   2   4   2   4   0.218973793   0.481637667   0.293103448   0.465517241
   2   4   2   4   0.262323990   0.420587397   0.258620690   0.396551724
   2   4   2   4   0.247737366   0.483016160   0.258620690   0.500000000
   2   4   2   4   0.224245315   0.412651202   0.224137931   0.396551724
   2   4   2   4   0.288853742   0.418297612   0.293103448   0.396551724
   2   5   2   5   0.227100931   0.525925751   0.224137931   0.534482759
   2   5   2   5   0.228109106   0.546493908   0.258620690   0.568965517
   2   5   2   5   0.261014446   0.542667401   0.293103448   0.500000000
   2   5   2   5   0.225838646   0.567929504   0.224137931   0.603448276
   2   5   2   5   0.272330550   0.522599444   0.224137931   0.500000000
   2   5   2   5   0.287011098   0.586941478   0.293103448   0.568965517
   2   5   2   5   0.265680378   0.569471238   0.258620690   0.603448276
   2   5   2   5   0.289709061   0.565149761   0.258620690   0.534482759
   2   5   2   5   0.212032828   0.589412352   0.189655172   0.568965517
   2   6   2   6   0.243458954   0.611994379   0.224137931   0.637931034
   2   6   2   6   0.269743478   0.649979928   0.258620690   0.637931034
   2   6   2   6   0.259993606   0.675945174   0.258620690   0.672413793
   2   6   2   6   0.264465560   0.621116084   0.293103448   0.603448276
   2   6   2   6   0.273464233   0.601811562   0.293103448   0.637931034
   2   6   2   6   0.236498795   0.643146191   0.189655172   0.637931034
   2   6   2   6   0.298037987   0.662938745   0.327586207   0.637931034
   2   6   2   6   0.213619742   0.665069876   0.189655172   0.672413793
   2   6   2   6   0.208120750   0.694723076   0.224137931   0.706896552
   2   7   2   7   0.224491596   0.737298681   0.258620690   0.706896552
   2   7   2   7   0.252631695   0.796092264   0.258620690   0.741379310
   2   7   2   7   0.271029463   0.747904489   0.293103448   0.706896552
   2   7   2   7   0.250654777   0.774783335   0.293103448   0.741379310
   2   7   2   7   0.231354754   0.756850235   0.189655172   0.775862069
   2   7   2   7   0.262897310   0.728304266   0.224137931   0.672413793
   2   7   2   7   0.288488064   0.734696694   0.327586207   0.706896552
   2   7   2   7   0.206639492   0.792794658   0.224137931   0.741379310
   2   7   2   7   0.257583476   0.708344253   0.189655172   0.741379310
   2   8   2   8   0.220685448   0.864860606   0.224137931   0.844827586
   2   8   2   8   0.265816187   0.818994689   0.258620690   0.810344828
   2   8   2   8   0.244527811   0.833699371   0.258620690   0.844827586
   2   8   2   8   0.203729139   0.829381851   0.189655172   0.810344828
   2   8   2   8   0.278079287   0.843148019   0.327586207   0.844827586
   2   8   2   8   0.260324440   0.876170281   0.224137931   0.913793103
   2   8   2   8   0.238768431   0.875788028   0.258620690   0.948275862
   2   8   2   8   0.233035820   0.806474219   0.224137931   0.775862069
   2   9   2   9   0.246372753   0.963176262   0.224137931   0.948275862
   2   9   2   9   0.215294302   0.984916129   0.224137931   0.982758621
   2   9   2   9   0.248718345   0.988393348   0.258620690   0.982758621
   2   9   2   9   0.276842837   0.967714640   0.293103448   0.913793103
   2   9   2   9   0.274951915   0.913025316   0.189655172   0.948275862
   2   9   2   9   0.204168673   0.910640779   0.189655172   0.913793103
   2   9   2   9   0.290665989   0.931365281   0.293103448   0.844827586
   3   0   3   0   0.355313247   0.018811471   0.327586207   0.017241379
   3   0   3   0   0.391805574   0.032464385   0.396551724   0.017241379
   3   0   3   0   0.370870618   0.031490719   0.396551724   0.051724138
   3   0   3   0   0.342464664   0.037191824   0.293103448   0.017241379
   3   0   3   0   0.367763892   0.063953675   0.396551724   0.086206897
   3   0   3   0   0.309053458   0.083677265   0.327586207   0.086206897
   3   1   3   1   0.322046069   0.185600587   0.327586207   0.155172414
   3   1   3   1   0.328360486   0.145623862   0.327586207   0.189655172
   3   1   3   1   0.382811960   0.158523447   0.362068966   0.120689655
   3   1   3   1   0.390103549   0.179006057   0.362068966   0.155172414
   3   1   3   1   0.363727380   0.176821221   0.362068966   0.189655172
   3   1   3   1   0.364957694   0.147382830   0.362068966   0.086206897
   3   1   3   1   0.379789255   0.127272471   0.362068966   0.051724138
   3   1   3   1   0.302006031   0.171753059   0.293103448   0.155172414
   3   1   3   1   0.339834756   0.115417910   0.327586207   0.051724138
   3   1   3   1   0.347360843   0.190861980   0.362068966   0.258620690
   3   1   3   1   0.376727882   0.107478600   0.362068966   0.017241379
   3   1   3   1   0.399481009   0.131355399   0.396551724   0.120689655
   3   1   3   1   0.325344103   0.100860283   0.293103448   0.086206897
   3   2   3   2   0.325013557   0.211316488   0.327586207   0.224137931
   3   2   3   2   0.322489203   0.259638769   0.327586207   0.258620690
   3   2   3   2   0.374070170   0.220931752   0.362068966   0.224137931
   3   2   3   2   0.344199692   0.260395908   0.362068966   0.293103448
   3   2   3   2   0.360857821   0.238271486   0.396551724   0.224137931
   3   2   3   2   0.312424898   0.227100768   0.293103448   0.224137931
   3   2   3   2   0.317777581   0.280291531   0.258620690   0.293103448
   3   2   3   2   0.329664841   0.299843160   0.327586207   0.327586207
   3   3   3   3   0.308433143   0.353754587   0.327586207   0.362068966
   3   3   3   3   0.333644165   0.323434557   0.362068966   0.327586207
   3   3   3   3   0.310882187   0.379755858   0.362068966   0.396551724
   3   3   3   3   0.352922981   0.371907677   0.396551724   0.327586207
   3   3   3   3   0.334283759   0.358993633   0.396551724   0.362068966
   3   3   3   3   0.306084478   0.328668526   0.293103448   0.327586207
   3   3   3   3   0.337156241   0.397125800   0.362068966   0.362068966
   3   3   3   3   0.366122000   0.316695830   0.327586207   0.293103448
   3   3   3   3   0.383295281   0.384449886   0.431034483   0.396551724
   3   3   3   3   0.309391322   0.303922286   0.258620690   0.327586207
   3   4   3   4   0.335002921   0.476480393   0.327586207   0.431034483
   3   4   3   4   0.326324863   0.434264619   0.327586207   0.465517241
   3   4   3   4   0.340856457   0.456272582   0.362068966   0.431034483
   3   4   3   4   0.372125314   0.435548175   0.396551724   0.431034483
   3   4   3   4   0.351682566   0.417444331   0.431034483   0.431034483
   3   4   3   4   0.313961231   0.404957288   0.293103448   0.431034483
   3   4   3   4   0.355228060   0.497500774   0.327586207   0.534482759
   3   4   3   4   0.321108818   0.460840316   0.362068966   0.465517241
   3   4   3   4   0.332394022   0.496832197   0.293103448   0.534482759
   3   5   3   5   0.356235849   0.551340655   0.362068966   0.534482759
   3   5   3   5   0.343399776   0.573061309   0.362068966   0.568965517
   3   5   3   5   0.348667753   0.521224638   0.396551724   0.568965517
   3   5   3   5   0.383598273   0.578517061   0.431034483   0.568965517
   3   5   3   5   0.313588949   0.523346693   0.327586207   0.500000000
   3   6   3   6   0.317096146   0.631446552   0.327586207   0.603448276
   3   6   3   6   0.318273512   0.652465914   0.362068966   0.637931034
   3   6   3   6   0.344213001   0.684123084   0.362068966   0.672413793
   3   6   3   6   0.373117548   0.657345420   0.431034483   0.637931034
   3   6   3   6   0.318974281   0.689352126   0.293103448   0.672413793
   3   6   3   6   0.333764700   0.612337970   0.327586207   0.568965517
   3   6   3   6   0.375665920   0.603391679   0.362068966   0.603448276
   3   7   3   7   0.313396754   0.764916874   0.327586207   0.741379310
   3   7   3   7   0.374133446   0.786378507   0.362068966   0.775862069
   3   7   3   7   0.344590933   0.740167041   0.396551724   0.706896552
   3   7   3   7   0.327546760   0.782129911   0.327586207   0.810344828
   3   7   3   7   0.364919110   0.761414233   0.293103448   0.775862069
   3   7   3   7   0.330857411   0.713988638   0.327586207   0.672413793
   3   7   3   7   0.302982625   0.782652552   0.258620690   0.775862069
   3   8   3   8   0.359822030   0.838705107   0.327586207   0.879310345
   3   8   3   8   0.391380522   0.840062304   0.362068966   0.879310345
   3   8   3   8   0.357949476   0.863464438   0.293103448   0.879310345
   3   8   3   8   0.306321958   0.810771775   0.293103448   0.810344828
   3   8   3   8   0.391000417   0.861406886   0.396551724   0.844827586
   3   8   3   8   0.361570967   0.810245136   0.327586207   0.775862069
   3   8   3   8   0.352361394   0.883371028   0.327586207   0.913793103
   3   8   3   8   0.388276776   0.884127421   0.362068966   0.982758621
   3   8   3   8   0.325036793   0.883885488   0.258620690   0.913793103
   3   8   3   8   0.312450274   0.864036719   0.362068966   0.844827586
   3   8   3   8   0.384778787   0.804430531   0.362068966   0.810344828
   3   9   3   9   0.331675909   0.940329851   0.327586207   0.948275862
   3   9   3   9   0.355816473   0.965574378   0.327586207   0.982758621
   3   9   3   9   0.398287086   0.902963143   0.362068966   0.913793103
   3   9   3   9   0.372409214   0.909790145   0.293103448   0.948275862
   3   9   3   9   0.326768092   0.967124439   0.293103448   0.982758621
   4   0   4   0   0.402137812   0.057300705   0.431034483   0.017241379
   4   0   4   0   0.403480623   0.093464714   0.431034483   0.051724138
   4   0   4   0   0.429775690   0.019368488   0.465517241   0.017241379
   4   0   4   0   0.459612484   0.035810651   0.465517241   0.051724138
   4   0   4   0   0.480955615   0.079905875   0.534482759   0.017241379
   4   0   4   0   0.477106924   0.024468796   0.500000000   0.017241379
   4   0   4   0   0.453254110   0.073468945   0.465517241   0.120689655
   4   0   4   0   0.474560074   0.052892887   0.568965517   0.051724138
   4   0   4   0   0.495364517   0.033435913   0.603448276   0.051724138
   4   1   4   1   0.456843845   0.150861930   0.431034483   0.120689655
   4   1   4   1   0.426963516   0.160785129   0.431034483   0.155172414
   4   1   4   1   0.464565919   0.185033859   0.500000000   0.155172414
   4   1   4   1   0.449028080   0.118181787   0.465517241   0.086206897
   4   1   4   1   0.425699444   0.127403537   0.431034483   0.086206897
   4   1   4   1   0.403085456   0.160511396   0.396551724   0.155172414
   4   1   4   1   0.411722734   0.194837409   0.396551724   0.189655172
   4   1   4   1   0.428061207   0.105314796   0.500000000   0.051724138
   4   2   4   2   0.436990648   0.289248315   0.431034483   0.224137931
   4   2   4   2   0.444479957   0.264894048   0.431034483   0.258620690
   4   2   4   2   0.491522670   0.244529793   0.465517241   0.224137931
   4   2   4   2   0.451579591   0.243570612   0.500000000   0.258620690
   4   2   4   2   0.487772501   0.293897811   0.500000000   0.293103448
   4   2   4   2   0.422370009   0.225185467   0.431034483   0.189655172
   4   2   4   2   0.471281221   0.238263671   0.500000000   0.224137931
   4   2   4   2   0.467945686   0.213402040   0.465517241   0.189655172
   4   2   4   2   0.431620189   0.207382328   0.465517241   0.258620690
   4   2   4   2   0.496699393   0.274617042   0.534482759   0.224137931
   4   3   4   3   0.431419585   0.358892609   0.431034483   0.327586207
   4   3   4   3   0.464145900   0.372007868   0.465517241   0.327586207
   4   3   4   3   0.484189082   0.392755773   0.465517241   0.362068966
   4   3   4   3   0.485747018   0.323255596   0.500000000   0.327586207
   4   3   4   3   0.410459348   0.332441716   0.396551724   0.293103448
   4   3   4   3   0.432175684   0.311818099   0.431034483   0.293103448
   4   3   4   3   0.436291689   0.393940994   0.465517241   0.431034483
   4   3   4   3   0.468790774   0.307682448   0.465517241   0.293103448
   4   3   4   3   0.406350713   0.306695670   0.396551724   0.258620690
   4   3   4   3   0.497030235   0.341697293   0.500000000   0.362068966
   4   3   4   3   0.457714057   0.397747915   0.431034483   0.362068966
   4   4   4   4   0.436636322   0.467801935   0.431034483   0.465517241
   4   4   4   4   0.444350290   0.441821087   0.465517241   0.465517241
   4   4   4   4   0.483050029   0.452455660   0.500000000   0.465517241
   4   4   4   4   0.423071395   0.485780352   0.396551724   0.465517241
   4   4   4   4   0.463264139   0.434895823   0.534482759   0.465517241
   4   4   4   4   0.408393336   0.444102700   0.396551724   0.396551724
   4   4   4   4   0.497621659   0.470052250   0.500000000   0.500000000
   4   4   4   4   0.400943121   0.488628386   0.396551724   0.500000000
   4   5   4   5   0.429455660   0.510455106   0.431034483   0.500000000
   4   5   4   5   0.433862983   0.533480783   0.431034483   0.534482759
   4   5   4   5   0.468143842   0.518957828   0.465517241   0.534482759
   4   5   4   5   0.440647094   0.576332860   0.500000000   0.568965517
   4   5   4   5   0.401881821   0.564492147   0.465517241   0.500000000
   4   5   4   5   0.463015358   0.538331283   0.500000000   0.603448276
   4   5   4   5   0.408443239   0.585104339   0.396551724   0.534482759
   4   5   4   5   0.431830234   0.599092751   0.431034483   0.603448276
   4   5   4   5   0.454902186   0.591980730   0.465517241   0.603448276
   4   5   4   5   0.405978964   0.521426933   0.362068966   0.500000000
   4   6   4   6   0.466071448   0.667962444   0.431034483   0.672413793
   4   6   4   6   0.455348638   0.614680573   0.465517241   0.672413793
   4   6   4   6   0.407478438   0.614309770   0.396551724   0.603448276
   4   6   4   6   0.418576235   0.660824090   0.396551724   0.637931034
   4   6   4   6   0.441999926   0.661513470   0.396551724   0.672413793
   4   6   4   6   0.445035673   0.685239385   0.362068966   0.706896552
   4   6   4   6   0.489835543   0.623527661   0.500000000   0.637931034
   4   6   4   6   0.403005190   0.697635898   0.396551724   0.741379310
   4   7   4   7   0.445151384   0.729675054   0.431034483   0.706896552
   4   7   4   7   0.453314434   0.757633891   0.431034483   0.741379310
   4   7   4   7   0.443820918   0.788735100   0.465517241   0.741379310
   4   7   4   7   0.475660031   0.750800717   0.465517241   0.775862069
   4   7   4   7   0.430659893   0.750795244   0.396551724   0.775862069
   4   7   4   7   0.414722365   0.763032430   0.362068966   0.741379310
   4   7   4   7   0.477818895   0.729708068   0.500000000   0.741379310
   4   7   4   7   0.484919734   0.774790211   0.534482759   0.775862069
   4   7   4   7   0.499359016   0.700144860   0.534482759   0.706896552
   4   8   4   8   0.426456235   0.852026445   0.431034483   0.844827586
   4   8   4   8   0.444073638   0.866537954   0.431034483   0.879310345
   4   8   4   8   0.424446477   0.827466650   0.465517241   0.844827586
   4   8   4   8   0.473657259   0.872732320   0.500000000   0.879310345
   4   8   4   8   0.461812740   0.893929139   0.465517241   0.913793103
   4   8   4   8   0.403986290   0.811211832   0.396551724   0.810344828
   4   8   4   8   0.475702955   0.814424718   0.431034483   0.775862069
   4   8   4   8   0.439970964   0.809733201   0.431034483   0.810344828
   4   8   4   8   0.489212123   0.890923041   0.534482759   0.879310345
   4   8   4   8   0.435969285   0.892518973   0.396551724   0.879310345
   4   9   4   9   0.427315793   0.921969596   0.431034483   0.913793103
   4   9   4   9   0.451931918   0.932723610   0.431034483   0.948275862
   4   9   4   9   0.490735464   0.984586832   0.431034483   0.982758621
   4   9   4   9   0.468874354   0.944009028   0.465517241   0.948275862
   4   9   4   9   0.419620552   0.982903235   0.396551724   0.982758621
   4   9   4   9   0.469450704   0.922892641   0.396551724   0.913793103
   4   9   4   9   0.420090732   0.941090094   0.396551724   0.948275862
   4   9   4   9   0.492692176   0.916838994   0.465517241   0.879310345
   4   9   4   9   0.491829072   0.947053801   0.465517241   0.982758621
   4   9   4   9   0.400830788   0.967713091   0.362068966   0.948275862
   5   0   5   0   0.546321755   0.098558347   0.534482759   0.051724138
   5   0   5   0   0.510245537   0.013375274   0.568965517   0.017241379
   5   0   5   0   0.543394240   0.049161723   0.568965517   0.086206897
   5   0   5   0   0.535812348   0.015355740   0.603448276   0.017241379
   5   0   5   0   0.596892273   0.050036167   0.603448276   0.086206897
   5   0   5   0   0.582719107   0.027765601   0.637931034   0.017241379
   5   1   5   1   0.531965668   0.177740605   0.500000000   0.120689655
   5   1   5   1   0.537168583   0.143790918   0.534482759   0.120689655
   5   1   5   1   0.501889675   0.157954768   0.534482759   0.155172414
   5   1   5   1   0.587082845   0.183098748   0.568965517   0.155172414
   5   1   5   1   0.575290616   0.156634427   0.603448276   0.120689655
   5   1   5   1   0.565460602   0.125188439   0.534482759   0.086206897
   5   1   5   1   0.505236434   0.122749106   0.500000000   0.086206897
   5   1   5   1   0.599564411   0.157778328   0.603448276   0.155172414
   5   2   5   2   0.554034038   0.235859968   0.534482759   0.258620690
   5   2   5   2   0.528735758   0.291131383   0.534482759   0.293103448
   5   2   5   2   0.561058994   0.262273925   0.568965517   0.293103448
   5   2   5   2   0.540963993   0.260551604   0.534482759   0.189655172
   5   2   5   2   0.513514902   0.247060047   0.465517241   0.155172414
   5   2   5   2   0.559495474   0.212806851   0.568965517   0.189655172
   5   2   5   2   0.548645650   0.280968139   0.534482759   0.362068966
   5   2   5   2   0.532061388   0.213469880   0.500000000   0.189655172
   5   3   5   3   0.500610492   0.373821036   0.500000000   0.396551724
   5   3   5   3   0.509518890   0.314053557   0.534482759   0.327586207
   5   3   5   3   0.537205841   0.350171775   0.534482759   0.396551724
   5   3   5   3   0.558961331   0.334262040   0.568965517   0.327586207
   5   3   5   3   0.578758426   0.352557466   0.568965517   0.362068966
   5   3   5   3   0.532299287   0.321381675   0.603448276   0.327586207
   5   3   5   3   0.594501784   0.323940311   0.603448276   0.293103448
   5   3   5   3   0.573921101   0.386716247   0.568965517   0.396551724
   5   3   5   3   0.534885488   0.391242547   0.568965517   0.431034483
   5   3   5   3   0.598629879   0.363002240   0.603448276   0.362068966
   5   4   5   4   0.526273430   0.430397740   0.534482759   0.431034483
   5   4   5   4   0.559296492   0.452777489   0.534482759   0.500000000
   5   4   5   4   0.584299607   0.420225587   0.603448276   0.431034483
   5   4   5   4   0.506458666   0.440016455   0.500000000   0.431034483
   5   4   5   4   0.508571644   0.402798169   0.465517241   0.396551724
   5   4   5   4   0.570725336   0.497521479   0.534482759   0.534482759
   5   5   5   5   0.541304771   0.522561812   0.500000000   0.534482759
   5   5   5   5   0.570733224   0.526499954   0.568965517   0.500000000
   5   5   5   5   0.547342963   0.553986841   0.568965517   0.534482759
   5   5   5   5   0.542119012   0.579932108   0.568965517   0.568965517
   5   5   5   5   0.518795259   0.503776350   0.465517241   0.568965517
   5   5   5   5   0.579280801   0.562243798   0.603448276   0.534482759
   5   5   5   5   0.515023386   0.575540760   0.465517241   0.637931034
   5   6   5   6   0.546578502   0.638205300   0.534482759   0.603448276
   5   6   5   6   0.531613121   0.656357369   0.534482759   0.672413793
   5   6   5   6   0.555923460   0.662037491   0.568965517   0.637931034
   5   6   5   6   0.587129754   0.698252510   0.568965517   0.672413793
   5   6   5   6   0.554062929   0.609859242   0.603448276   0.637931034
   5   6   5   6   0.586081715   0.636182146   0.637931034   0.672413793
   5   6   5   6   0.505878931   0.673411380   0.500000000   0.672413793
   5   6   5   6   0.512384955   0.644158788   0.534482759   0.637931034
   5   6   5   6   0.520772226   0.610116726   0.534482759   0.568965517
   5   6   5   6   0.594136935   0.605370759   0.568965517   0.603448276
   5   7   5   7   0.546694827   0.740542220   0.534482759   0.741379310
   5   7   5   7   0.589652668   0.720782437   0.568965517   0.706896552
   5   7   5   7   0.583509686   0.756831967   0.568965517   0.775862069
   5   7   5   7   0.570952011   0.772681301   0.534482759   0.810344828
   5   7   5   7   0.528291907   0.702882941   0.603448276   0.706896552
   5   7   5   7   0.542175575   0.787278822   0.500000000   0.810344828
   5   7   5   7   0.537357823   0.761513019   0.500000000   0.706896552
   5   7   5   7   0.505178347   0.781506762   0.465517241   0.810344828
   5   7   5   7   0.518493667   0.728659232   0.465517241   0.706896552
   5   8   5   8   0.532904882   0.845380069   0.500000000   0.844827586
   5   8   5   8   0.515246870   0.871739412   0.534482759   0.844827586
   5   8   5   8   0.573333723   0.849647732   0.568965517   0.810344828
   5   8   5   8   0.574941401   0.875469632   0.568965517   0.844827586
   5   8   5   8   0.582611994   0.827860841   0.603448276   0.775862069
   5   8   5   8   0.503456633   0.842259527   0.500000000   0.775862069
   5   8   5   8   0.579028773   0.803949253   0.603448276   0.810344828
   5   8   5   8   0.594279805   0.865396919   0.637931034   0.844827586
   5   9   5   9   0.535713415   0.910410084   0.500000000   0.913793103
   5   9   5   9   0.520345871   0.930739312   0.500000000   0.948275862
   5   9   5   9   0.514820355   0.964335623   0.500000000   0.982758621
   5   9   5   9   0.549363619   0.933819244   0.534482759   0.913793103
   5   9   5   9   0.535322054   0.964141623   0.534482759   0.948275862
   5   9   5   9   0.525609636   0.983021064   0.534482759   0.982758621
   5   9   5   9   0.598140530   0.944559038   0.568965517   0.948275862
   5   9   5   9   0.554005601   0.971470179   0.603448276   0.982758621
   5   9   5   9   0.558676336   0.904614439   0.568965517   0.879310345
   5   9   5   9   0.566985042   0.989524368   0.637931034   0.982758621
   5   9   5   9   0.589338732   0.919514534   0.603448276   0.879310345
   6   0   6   0   0.666760499   0.011125738   0.637931034   0.051724138
   6   0   6   0   0.602298691   0.021037896   0.672413793   0.017241379
   6   0   6   0   0.669626584   0.058927717   0.672413793   0.051724138
   6   0   6   0   0.677267597   0.094008380   0.672413793   0.086206897
   6   0   6   0   0.631887229   0.020253184   0.706896552   0.051724138
   6   0   6   0   0.639771639   0.050327366   0.568965517   0.120689655
   6   0   6   0   0.625591732   0.069262199   0.637931034   0.086206897
   6   0   6   0   0.697200679   0.079497650   0.741379310   0.051724138
   6   0   6   0   0.686981732   0.013845955   0.706896552   0.017241379
   6   0   6   0   0.617628997   0.087618943   0.637931034   0.120689655
   6   1   6   1   0.604285841   0.138141132   0.637931034   0.155172414
   6   1   6   1   0.689834736   0.122707392   0.672413793   0.120689655
   6   1   6   1   0.686562630   0.154485023   0.672413793   0.155172414
   6   1   6   1   0.619837399   0.163777383   0.672413793   0.189655172
   6   1   6   1   0.682146888   0.183638410   0.706896552   0.189655172
   6   1   6   1   0.648137758   0.184604472   0.672413793   0.224137931
   6   1   6   1   0.630218372   0.106927453   0.706896552   0.155172414
   6   1   6   1   0.619439905   0.187270409   0.637931034   0.189655172
   6   2   6   2   0.651184042   0.216863913   0.637931034   0.224137931
   6   2   6   2   0.631075695   0.253501701   0.637931034   0.258620690
   6   2   6   2   0.678673640   0.250921098   0.672413793   0.258620690
   6   2   6   2   0.641198449   0.279948827   0.672413793   0.293103448
   6   2   6   2   0.674639124   0.285751902   0.706896552   0.293103448
   6   2   6   2   0.650418281   0.237218580   0.603448276   0.224137931
   6   2   6   2   0.608145275   0.274995585   0.568965517   0.258620690
   6   2   6   2   0.606773256   0.210394904   0.603448276   0.189655172
   6   2   6   2   0.609867811   0.249193475   0.568965517   0.224137931
   6   2   6   2   0.698778229   0.245335914   0.706896552   0.224137931
   6   3   6   3   0.648990859   0.331660149   0.637931034   0.327586207
   6   3   6   3   0.633294706   0.366797673   0.637931034   0.362068966
   6   3   6   3   0.646938027   0.351842228   0.672413793   0.362068966
   6   3   6   3   0.671447986   0.371241008   0.672413793   0.396551724
   6   3   6   3   0.610231774   0.311148922   0.603448276   0.258620690
   6   3   6   3   0.661944590   0.391772928   0.672413793   0.431034483
   6   3   6   3   0.654267011   0.302681299   0.637931034   0.293103448
   6   3   6   3   0.699161325   0.332215391   0.706896552   0.327586207
   6   4   6   4   0.635896840   0.473525060   0.603448276   0.465517241
   6   4   6   4   0.688270436   0.452160674   0.637931034   0.431034483
   6   4   6   4   0.699706188   0.478005795   0.672413793   0.465517241
   6   4   6   4   0.668741780   0.478441454   0.637931034   0.500000000
   6   4   6   4   0.609778308   0.468821175   0.603448276   0.396551724
   6   4   6   4   0.661032737   0.417743747   0.706896552   0.431034483
   6   4   6   4   0.650817554   0.487854085   0.672413793   0.500000000
   6   4   6   4   0.632109034   0.402028893   0.637931034   0.396551724
   6   5   6   5   0.602052873   0.528261906   0.603448276   0.500000000
   6   5   6   5   0.607505099   0.584293879   0.603448276   0.568965517
   6   5   6   5   0.612572971   0.553652130   0.637931034   0.534482759
   6   5   6   5   0.627609798   0.526386588   0.672413793   0.534482759
   6   5   6   5   0.670730449   0.581957063   0.672413793   0.568965517
   6   5   6   5   0.659915076   0.544695382   0.706896552   0.500000000
   6   5   6   5   0.626930217   0.590776226   0.603448276   0.603448276
   6   5   6   5   0.644553862   0.578761928   0.706896552   0.534482759
   6   5   6   5   0.683328824   0.563176096   0.741379310   0.534482759
   6   5   6   5   0.673120859   0.508993834   0.637931034   0.465517241
   6   5   6   5   0.610912250   0.504086585   0.568965517   0.465517241
   6   5   6   5   0.678781120   0.536898334   0.741379310   0.465517241
   6   6   6   6   0.698084096   0.673079715   0.603448276   0.672413793
   6   6   6   6   0.643039241   0.627713430   0.637931034   0.637931034
   6   6   6   6   0.684675129   0.643209770   0.672413793   0.603448276
   6   6   6   6   0.660257787   0.673480147   0.672413793   0.672413793
   6   6   6   6   0.632456111   0.650902637   0.637931034   0.603448276
   6   6   6   6   0.669999767   0.602269255   0.637931034   0.568965517
   6   7   6   7   0.617866335   0.722496691   0.637931034   0.706896552
   6   7   6   7   0.641922832   0.797970936   0.637931034   0.741379310
   6   7   6   7   0.649752351   0.701398202   0.672413793   0.741379310
   6   7   6   7   0.692402710   0.755633733   0.672413793   0.775862069
   6   7   6   7   0.649259131   0.770041434   0.603448276   0.741379310
   6   7   6   7   0.661046359   0.726560947   0.706896552   0.741379310
   6   7   6   7   0.666413861   0.756123012   0.637931034   0.775862069
   6   7   6   7   0.610772396   0.744334385   0.568965517   0.741379310
   6   7   6   7   0.674678316   0.785851194   0.706896552   0.844827586
   6   7   6   7   0.612387393   0.799639852   0.672413793   0.844827586
   6   8   6   8   0.627880419   0.886918907   0.603448276   0.844827586
   6   8   6   8   0.624562125   0.828786893   0.637931034   0.810344828
   6   8   6   8   0.641942635   0.864753120   0.637931034   0.879310345
   6   8   6   8   0.664446679   0.865157491   0.706896552   0.810344828
   6   8   6   8   0.686514084   0.851187285   0.741379310   0.844827586
   6   9   6   9   0.640760767   0.955373091   0.603448276   0.948275862
   6   9   6   9   0.678566938   0.916030736   0.672413793   0.948275862
   6   9   6   9   0.671594133   0.971717594   0.672413793   0.982758621
   6   9   6   9   0.621090573   0.950220671   0.568965517   0.913793103
   6   9   6   9   0.662787138   0.944582891   0.672413793   0.913793103
   6   9   6   9   0.608203028   0.910441223   0.603448276   0.913793103
   6   9   6   9   0.622488669   0.975602617   0.568965517   0.982758621
   6   9   6   9   0.634752358   0.914475514   0.637931034   0.948275862
   7   0   7   0   0.721411395   0.011368385   0.741379310   0.017241379
   7   0   7   0   0.743930092   0.073430665   0.741379310   0.086206897
   7   0   7   0   0.749711255   0.032083909   0.775862069   0.017241379
   7   0   7   0   0.767561470   0.065086797   0.775862069   0.051724138
   7   0   7   0   0.766164637   0.089034116   0.741379310   0.120689655
   7   0   7   0   0.723320894   0.081881774   0.706896552   0.120689655
   7   0   7   0   0.779450984   0.036157602   0.810344828   0.051724138
   7   1   7   1   0.734622602   0.137391005   0.741379310   0.155172414
   7   1   7   1   0.702898792   0.166772969   0.741379310   0.189655172
   7   1   7   1   0.719433986   0.123857500   0.775862069   0.120689655
   7   1   7   1   0.728285026   0.159751957   0.775862069   0.155172414
   7   1   7   1   0.739210613   0.176751553   0.775862069   0.189655172
   7   1   7   1   0.777078744   0.144133798   0.810344828   0.155172414
   7   1   7   1   0.787170947   0.187097911   0.844827586   0.155172414
   7   1   7   1   0.700577490   0.100222564   0.706896552   0.086206897
   7   2   7   2   0.746014803   0.277157146   0.706896552   0.258620690
   7   2   7   2   0.722843740   0.252028113   0.741379310   0.224137931
   7   2   7   2   0.730843748   0.206312618   0.775862069   0.224137931
   7   2   7   2   0.769485139   0.283451183   0.775862069   0.258620690
   7   2   7   2   0.734994997   0.229751421   0.810344828   0.189655172
   7   2   7   2   0.792225378   0.299125033   0.810344828   0.258620690
   7   3   7   3   0.748402884   0.381416794   0.741379310   0.327586207
   7   3   7   3   0.721206587   0.351816553   0.741379310   0.362068966
   7   3   7   3   0.780681260   0.318745729   0.775862069   0.327586207
   7   3   7   3   0.789082138   0.356630133   0.775862069   0.362068966
   7   3   7   3   0.774760423   0.372583055   0.741379310   0.293103448
   7   3   7   3   0.789867163   0.393650716   0.810344828   0.396551724
   7   3   7   3   0.728684338   0.308627975   0.672413793   0.327586207
   7   3   7   3   0.729077659   0.329131653   0.741379310   0.258620690
   7   3   7   3   0.754997368   0.322892118   0.775862069   0.293103448
   7   3   7   3   0.708588498   0.392012332   0.741379310   0.396551724
   7   4   7   4   0.736753323   0.455486577   0.775862069   0.431034483
   7   4   7   4   0.781903177   0.452012173   0.775862069   0.465517241
   7   4   7   4   0.746806268   0.481633694   0.706896552   0.396551724
   7   4   7   4   0.711797599   0.451917617   0.706896552   0.362068966
   7   4   7   4   0.734444811   0.421086599   0.775862069   0.396551724
   7   5   7   5   0.707285014   0.561520828   0.706896552   0.568965517
   7   5   7   5   0.750161769   0.507933448   0.741379310   0.500000000
   7   5   7   5   0.733717806   0.545314406   0.741379310   0.568965517
   7   5   7   5   0.743068504   0.567168969   0.775862069   0.500000000
   7   5   7   5   0.786732622   0.579515235   0.775862069   0.534482759
   7   5   7   5   0.718081405   0.599572675   0.741379310   0.603448276
   7   5   7   5   0.720173412   0.579545476   0.741379310   0.637931034
   7   5   7   5   0.792554628   0.560193363   0.810344828   0.500000000
   7   5   7   5   0.706620102   0.513124345   0.706896552   0.465517241
   7   5   7   5   0.741493049   0.593974194   0.706896552   0.637931034
   7   6   7   6   0.737801427   0.614008859   0.706896552   0.603448276
   7   6   7   6   0.740784061   0.638294295   0.706896552   0.672413793
   7   6   7   6   0.761085869   0.646974599   0.741379310   0.672413793
   7   6   7   6   0.769322221   0.673591316   0.775862069   0.672413793
   7   6   7   6   0.738508336   0.676680140   0.741379310   0.706896552
   7   6   7   6   0.766275580   0.626175559   0.775862069   0.603448276
   7   6   7   6   0.721028269   0.654687960   0.672413793   0.637931034
   7   6   7   6   0.780756863   0.656891443   0.844827586   0.637931034
   7   6   7   6   0.787170756   0.623872501   0.810344828   0.568965517
   7   6   7   6   0.706714129   0.696226317   0.672413793   0.706896552
   7   7   7   7   0.710551015   0.795718903   0.706896552   0.706896552
   7   7   7   7   0.788200028   0.710613877   0.741379310   0.741379310
   7   7   7   7   0.742724880   0.790101173   0.741379310   0.775862069
   7   7   7   7   0.708977583   0.740808129   0.775862069   0.741379310
   7   7   7   7   0.790730372   0.798567571   0.775862069   0.775862069
   7   7   7   7   0.756852203   0.753181202   0.741379310   0.810344828
   7   7   7   7   0.786767165   0.745232649   0.810344828   0.741379310
   7   7   7   7   0.770101370   0.797264538   0.775862069   0.844827586
   7   8   7   8   0.744830736   0.895129133   0.706896552   0.879310345
   7   8   7   8   0.790393686   0.875460477   0.741379310   0.879310345
   7   8   7   8   0.773184049   0.892490613   0.775862069   0.879310345
   7   8   7   8   0.749676976   0.818607543   0.706896552   0.775862069
   7   8   7   8   0.754246508   0.866638710   0.706896552   0.913793103
   7   8   7   8   0.708586839   0.848928801   0.672413793   0.810344828
   7   8   7   8   0.725886281   0.879981996   0.672413793   0.879310345
   7   8   7   8   0.794601146   0.831839864   0.775862069   0.810344828
   7   8   7   8   0.705449453   0.878436494   0.637931034   0.913793103
   7   9   7   9   0.755993211   0.952680938   0.741379310   0.913793103
   7   9   7   9   0.767153151   0.913541032   0.741379310   0.948275862
   7   9   7   9   0.709405995   0.942521483   0.741379310   0.982758621
   7   9   7   9   0.759789032   0.983900206   0.775862069   0.948275862
   7   9   7   9   0.776627689   0.959352639   0.775862069   0.982758621
   7   9   7   9   0.724975579   0.964546002   0.706896552   0.982758621
   7   9   7   9   0.707620937   0.981074219   0.706896552   0.948275862
   7   9   7   9   0.797853234   0.910878700   0.844827586   0.948275862
   8   0   8   0   0.813443167   0.010972021   0.810344828   0.017241379
   8   0   8   0   0.841846650   0.049852224   0.810344828   0.086206897
   8   0   8   0   0.834493449   0.020355387   0.844827586   0.017241379
   8   0   8   0   0.852877880   0.028341518   0.879310345   0.051724138
   8   0   8   0   0.864725415   0.057994007   0.879310345   0.086206897
   8   0   8   0   0.849203852   0.079839718   0.844827586   0.086206897
   8   0   8   0   0.890630302   0.077085865   0.913793103   0.086206897
   8   0   8   0   0.895941283   0.027543300   0.913793103   0.017241379
   8   0   8   0   0.878140263   0.042687254   0.879310345   0.017241379
   8   1   8   1   0.839364822   0.123662077   0.810344828   0.120689655
   8   1   8   1   0.834262864   0.174224127   0.844827586   0.120689655
   8   1   8   1   0.881687700   0.133675599   0.879310345   0.120689655
   8   1   8   1   0.886469430   0.183954337   0.913793103   0.155172414
   8   1   8   1   0.824165002   0.149341893   0.775862069   0.086206897
   8   1   8   1   0.874220292   0.107842859   0.844827586   0.051724138
   8   1   8   1   0.895641063   0.157162870   0.913793103   0.120689655
   8   2   8   2   0.816981481   0.253193863   0.810344828   0.224137931
   8   2   8   2   0.874074448   0.200929576   0.844827586   0.224137931
   8   2   8   2   0.870572357   0.260298536   0.844827586   0.258620690
   8   2   8   2   0.882858420   0.237086729   0.879310345   0.224137931
   8   2   8   2   0.844014780   0.226453228   0.879310345   0.293103448
   8   2   8   2   0.813289699   0.227925678   0.844827586   0.189655172
   8   2   8   2   0.851922925   0.279321795   0.844827586   0.293103448
   8   2   8   2   0.812449689   0.274500090   0.810344828   0.293103448
   8   3   8   3   0.813581043   0.340486653   0.810344828   0.327586207
   8   3   8   3   0.803896478   0.370183008   0.810344828   0.362068966
   8   3   8   3   0.842873842   0.347270992   0.844827586   0.327586207
   8   3   8   3   0.831230429   0.368502989   0.879310345   0.362068966
   8   3   8   3   0.886511068   0.397337759   0.913793103   0.396551724
   8   3   8   3   0.892509951   0.322515727   0.913793103   0.293103448
   8   4   8   4   0.828984687   0.439347007   0.844827586   0.431034483
   8   4   8   4   0.877214046   0.464562281   0.844827586   0.465517241
   8   4   8   4   0.850816389   0.426703892   0.879310345   0.431034483
   8   4   8   4   0.869574558   0.499741304   0.879310345   0.465517241
   8   4   8   4   0.809693734   0.410372216   0.844827586   0.396551724
   8   4   8   4   0.868545022   0.445008918   0.913793103   0.431034483
   8   4   8   4   0.890976894   0.438587463   0.913793103   0.465517241
   8   4   8   4   0.818225126   0.468236885   0.810344828   0.431034483
   8   4   8   4   0.838167466   0.478583814   0.844827586   0.500000000
   8   4   8   4   0.835044890   0.414022909   0.844827586   0.362068966
   8   4   8   4   0.821666996   0.494888381   0.810344828   0.465517241
   8   4   8   4   0.858383129   0.403080448   0.879310345   0.396551724
   8   4   8   4   0.803098977   0.435308328   0.741379310   0.431034483
   8   5   8   5   0.816022194   0.529733689   0.810344828   0.534482759
   8   5   8   5   0.840895530   0.556187330   0.844827586   0.534482759
   8   5   8   5   0.857122174   0.578396831   0.844827586   0.568965517
   8   5   8   5   0.890884320   0.506167805   0.879310345   0.500000000
   8   5   8   5   0.842020717   0.517817091   0.879310345   0.534482759
   8   5   8   5   0.877263308   0.528172584   0.879310345   0.568965517
   8   5   8   5   0.898761792   0.591250440   0.844827586   0.603448276
   8   5   8   5   0.879554667   0.564400410   0.913793103   0.568965517
   8   5   8   5   0.813190309   0.562426505   0.775862069   0.568965517
   8   5   8   5   0.807688891   0.584130077   0.775862069   0.637931034
   8   6   8   6   0.838882395   0.642862426   0.810344828   0.637931034
   8   6   8   6   0.860494095   0.633141748   0.844827586   0.672413793
   8   6   8   6   0.879235463   0.641269429   0.879310345   0.637931034
   8   6   8   6   0.829229605   0.685462156   0.775862069   0.706896552
   8   6   8   6   0.891587549   0.679996259   0.948275862   0.637931034
   8   6   8   6   0.831767367   0.607298321   0.810344828   0.603448276
   8   6   8   6   0.898544988   0.629450222   0.913793103   0.637931034
   8   7   8   7   0.855570347   0.781173174   0.810344828   0.706896552
   8   7   8   7   0.839215355   0.758377794   0.844827586   0.741379310
   8   7   8   7   0.836865329   0.723037206   0.879310345   0.741379310
   8   7   8   7   0.867376229   0.759592595   0.879310345   0.775862069
   8   7   8   7   0.858896489   0.721180397   0.913793103   0.741379310
   8   7   8   7   0.835906354   0.790034214   0.810344828   0.672413793
   8   7   8   7   0.887458506   0.735592241   0.948275862   0.741379310
   8   7   8   7   0.890072009   0.713621775   0.844827586   0.706896552
   8   8   8   8   0.841679476   0.810382094   0.810344828   0.810344828
   8   8   8   8   0.844506596   0.831842050   0.810344828   0.844827586
   8   8   8   8   0.864969763   0.821505739   0.844827586   0.810344828
   8   8   8   8   0.834595667   0.860313176   0.844827586   0.844827586
   8   8   8   8   0.896516476   0.839873232   0.879310345   0.810344828
   8   8   8   8   0.878592361   0.853091611   0.879310345   0.879310345
   8   8   8   8   0.817437490   0.838268139   0.810344828   0.913793103
   8   8   8   8   0.818330379   0.885714582   0.810344828   0.879310345
   8   8   8   8   0.885556187   0.808519256   0.844827586   0.775862069
   8   8   8   8   0.813309488   0.805100661   0.810344828   0.775862069
   8   8   8   8   0.895312665   0.865015375   0.879310345   0.844827586
   8   9   8   9   0.812846216   0.963807803   0.810344828   0.948275862
   8   9   8   9   0.859383910   0.981180987   0.810344828   0.982758621
   8   9   8   9   0.841016360   0.950939171   0.844827586   0.913793103
   8   9   8   9   0.864997419   0.949967433   0.844827586   0.982758621
   8   9   8   9   0.843852956   0.924641698   0.879310345   0.948275862
   8   9   8   9   0.867846360   0.900491622   0.879310345   0.982758621
   8   9   8   9   0.898209748   0.963594052   0.913793103   0.948275862
   8   9   8   9   0.882429053   0.985498085   0.913793103   0.982758621
   8   9   8   9   0.832575128   0.901988133   0.879310345   0.913793103
   8   9   8   9   0.811111005   0.938751091   0.775862069   0.913793103
   9   0   9   0   0.944358140   0.035202344   0.948275862   0.017241379
   9   0   9   0   0.938138130   0.085534867   0.948275862   0.051724138
   9   0   9   0   0.981182322   0.071221532   0.948275862   0.086206897
   9   0   9   0   0.906970654   0.044817952   0.982758621   0.017241379
   9   0   9   0   0.984861553   0.018529969   0.982758621   0.051724138
   9   0   9   0   0.986984625   0.091433095   0.982758621   0.086206897
   9   0   9   0   0.965104200   0.091514014   0.948275862   0.120689655
   9   1   9   1   0.935693846   0.141035878   0.948275862   0.155172414
   9   1   9   1   0.975084827   0.186787865   0.982758621   0.120689655
   9   1   9   1   0.980686106   0.152188714   0.982758621   0.155172414
   9   1   9   1   0.934125807   0.163328200   0.982758621   0.189655172
   9   1   9   1   0.954882102   0.178043816   0.982758621   0.224137931
   9   1   9   1   0.913858324   0.189092527   0.879310345   0.155172414
   9   1   9   1   0.935801679   0.195751050   0.913793103   0.189655172
   9   1   9   1   0.948463746   0.112968940   0.913793103   0.051724138
   9   2   9   2   0.939202700   0.226823148   0.913793103   0.224137931
   9   2   9   2   0.918734795   0.284180308   0.913793103   0.258620690
   9   2   9   2   0.959914139   0.285781654   0.948275862   0.258620690
   9   2   9   2   0.979325935   0.216224297   0.982758621   0.258620690
   9   2   9   2   0.979619816   0.245428099   0.948275862   0.189655172
   9   2   9   2   0.944316486   0.267911733   0.879310345   0.258620690
   9   2   9   2   0.907988503   0.238432783   0.879310345   0.189655172
   9   3   9   3   0.953310383   0.342627109   0.948275862   0.327586207
   9   3   9   3   0.930750027   0.361785749   0.948275862   0.362068966
   9   3   9   3   0.950211749   0.376207114   0.948275862   0.396551724
   9   3   9   3   0.986545968   0.357684962   0.982758621   0.327586207
   9   3   9   3   0.970890437   0.389562536   0.982758621   0.362068966
   9   3   9   3   0.982061117   0.336903820   0.948275862   0.293103448
   9   3   9   3   0.969199172   0.312552341   0.982758621   0.293103448
   9   3   9   3   0.906010644   0.301099462   0.879310345   0.327586207
   9   3   9   3   0.912568664   0.376533187   0.913793103   0.327586207
   9   3   9   3   0.939694900   0.306604612   0.948275862   0.224137931
   9   4   9   4   0.958709559   0.415937685   0.948275862   0.431034483
   9   4   9   4   0.945544015   0.485512672   0.948275862   0.465517241
   9   4   9   4   0.950176086   0.438260406   0.982758621   0.431034483
   9   4   9   4   0.960674438   0.464364330   0.982758621   0.465517241
   9   4   9   4   0.903410519   0.457897974   0.913793103   0.500000000
   9   4   9   4   0.923868915   0.448856276   0.913793103   0.362068966
   9   4   9   4   0.989885465   0.454098838   0.982758621   0.396551724
   9   4   9   4   0.902325081   0.478550295   0.913793103   0.534482759
   9   5   9   5   0.908182793   0.548093549   0.948275862   0.500000000
   9   5   9   5   0.927819246   0.523453383   0.948275862   0.534482759
   9   5   9   5   0.964726369   0.560665047   0.948275862   0.568965517
   9   5   9   5   0.949435684   0.527224420   0.982758621   0.534482759
   9   5   9   5   0.988100624   0.553411509   0.948275862   0.603448276
   9   5   9   5   0.923046307   0.565070142   0.879310345   0.603448276
   9   5   9   5   0.937255145   0.504170439   0.982758621   0.500000000
   9   5   9   5   0.985502909   0.598443026   0.982758621   0.637931034
   9   6   9   6   0.989732992   0.682782330   0.913793103   0.672413793
   9   6   9   6   0.962826599   0.652842209   0.948275862   0.672413793
   9   6   9   6   0.986927422   0.629606063   0.982758621   0.603448276
   9   6   9   6   0.985513012   0.653034517   0.982758621   0.672413793
   9   6   9   6   0.954501236   0.633314146   0.913793103   0.603448276
   9   6   9   6   0.951954593   0.612126041   0.982758621   0.568965517
   9   7   9   7   0.954849399   0.731321933   0.948275862   0.706896552
   9   7   9   7   0.927859885   0.764171115   0.948275862   0.775862069
   9   7   9   7   0.982476786   0.719856789   0.982758621   0.706896552
   9   7   9   7   0.983691802   0.743067989   0.982758621   0.741379310
   9   7   9   7   0.989704076   0.769293593   0.982758621   0.775862069
   9   7   9   7   0.948659218   0.773152634   0.982758621   0.810344828
   9   7   9   7   0.951168683   0.710551508   0.879310345   0.706896552
   9   7   9   7   0.922162658   0.744759004   0.879310345   0.672413793
   9   7   9   7   0.932700420   0.798869824   0.948275862   0.810344828
   9   7   9   7   0.980279004   0.791290190   0.948275862   0.844827586
   9   7   9   7   0.908400906   0.722112225   0.913793103   0.706896552
   9   8   9   8   0.930648429   0.830501888   0.913793103   0.844827586
   9   8   9   8   0.985932185   0.836871528   0.982758621   0.844827586
   9   8   9   8   0.975697321   0.879618003   0.982758621   0.879310345
   9   8   9   8   0.941166552   0.857207809   0.913793103   0.810344828
   9   8   9   8   0.909064203   0.815285663   0.913793103   0.775862069
   9   8   9   8   0.919878632   0.887774162   0.844827586   0.879310345
   9   9   9   9   0.922551722   0.984928832   0.913793103   0.913793103
   9   9   9   9   0.918458779   0.915789832   0.948275862   0.913793103
   9   9   9   9   0.943177473   0.965290440   0.948275862   0.948275862
   9   9   9   9   0.959201798   0.983658787   0.948275862   0.982758621
   9   9   9   9   0.974765565   0.938781255   0.982758621   0.913793103
   9   9   9   9   0.975455563   0.961105142   0.982758621   0.948275862
   9   9   9   9   0.989024396   0.980935538   0.982758621   0.982758621
   9   9   9   9   0.945147707   0.901291085   0.948275862   0.879310345
   9   9   9   9   0.908848037   0.940045016   0.913793103   0.879310345
