# ix  iyhoodxhoody             x             y         x_org         y_org
   0   0   0   0   0.017241315   0.017242159   0.017241379   0.017241379
   0   0   0   0   0.039428152   0.039032097   0.017241379   0.051724138
   0   0   0   0   0.014210796   0.087452882   0.017241379   0.086206897
   0   0   0   0   0.062371955   0.029603915   0.051724138   0.017241379
   0   0   0   0   0.069457410   0.065179094   0.051724138   0.051724138
   0   0   0   0   0.050670471   0.084964292   0.051724138   0.086206897
   0   0   0   0   0.089177563   0.015874594   0.086206897   0.017241379
   0   0   0   0   0.099353574   0.081153665   0.086206897   0.051724138
   0   0   0   0   0.078964696   0.093060238   0.086206897   0.086206897
   0   1   0   1   0.014294660   0.124356916   0.017241379   0.120689655
   0   1   0   1   0.029464532   0.142054999   0.017241379   0.155172414
   0   1   0   1   0.039501357   0.190971244   0.017241379   0.189655172
   0   1   0   1   0.065595845   0.115509701   0.051724138   0.120689655
   0   1   0   1   0.056579043   0.174298941   0.051724138   0.155172414
   0   1   0   1   0.083854651   0.156472525   0.086206897   0.155172414
   0   1   0   1   0.084608976   0.184227972   0.086206897   0.189655172
   0   2   0   2   0.019097828   0.236623762   0.017241379   0.224137931
   0   2   0   2   0.022219496   0.260570003   0.017241379   0.258620690
   0   2   0   2   0.034276297   0.294756536   0.017241379   0.293103448
   0   2   0   2   0.049205075   0.222423281   0.051724138   0.224137931
   0   2   0   2   0.055227441   0.247309225   0.051724138   0.258620690
   0   2   0   2   0.054406877   0.291818152   0.051724138   0.293103448
   0   2   0   2   0.088856174   0.218311597   0.086206897   0.224137931
   0   2   0   2   0.092990175   0.283115454   0.086206897   0.258620690
   0   2   0   2   0.063702075   0.203669318   0.051724138   0.189655172
   0   3   0   3   0.028144396   0.332020553   0.017241379   0.327586207
   0   3   0   3   0.022386377   0.369449039   0.017241379   0.362068966
   0   3   0   3   0.087372790   0.353543995   0.051724138   0.327586207
   0   3   0   3   0.045198984   0.380156191   0.051724138   0.362068966
   0   3   0   3   0.094791608   0.327662348   0.086206897   0.327586207
   0   3   0   3   0.067304478   0.370777590   0.086206897   0.362068966
   0   3   0   3   0.075156995   0.319499328   0.086206897   0.293103448
   0   4   0   4   0.029275084   0.446215168   0.017241379   0.431034483
   0   4   0   4   0.013972393   0.474113121   0.017241379   0.465517241
   0   4   0   4   0.064523923   0.446074126   0.051724138   0.431034483
   0   4   0   4   0.060614175   0.482391420   0.051724138   0.465517241
   0   4   0   4   0.091399744   0.425665896   0.086206897   0.431034483
   0   4   0   4   0.075720839   0.468002509   0.086206897   0.465517241
   0   4   0   4   0.099082197   0.496103649   0.086206897   0.500000000
   0   4   0   4   0.051926842   0.411658592   0.051724138   0.396551724
   0   4   0   4   0.086023466   0.401009160   0.086206897   0.396551724
   0   4   0   4   0.036422849   0.485988649   0.051724138   0.500000000
   0   4   0   4   0.030036370   0.416996653   0.017241379   0.396551724
   0   5   0   5   0.019250067   0.521235537   0.017241379   0.500000000
   0   5   0   5   0.045734582   0.533646161   0.017241379   0.534482759
   0   5   0   5   0.037793517   0.589421680   0.017241379   0.568965517
   0   5   0   5   0.071445205   0.509443585   0.051724138   0.534482759
   0   5   0   5   0.037805785   0.562515384   0.051724138   0.568965517
   0   5   0   5   0.086089430   0.543202779   0.086206897   0.534482759
   0   5   0   5   0.015932474   0.584193750   0.017241379   0.603448276
   0   5   0   5   0.098383588   0.516583236   0.120689655   0.534482759
   0   6   0   6   0.020775810   0.610742332   0.017241379   0.637931034
   0   6   0   6   0.016560578   0.655589917   0.017241379   0.672413793
   0   6   0   6   0.086338479   0.609276177   0.051724138   0.603448276
   0   6   0   6   0.051610514   0.620952945   0.051724138   0.637931034
   0   6   0   6   0.034737774   0.646839698   0.051724138   0.672413793
   0   6   0   6   0.076033440   0.645370014   0.086206897   0.637931034
   0   6   0   6   0.083508023   0.696582944   0.086206897   0.672413793
   0   6   0   6   0.047122264   0.681631934   0.051724138   0.706896552
   0   6   0   6   0.094680776   0.676195032   0.120689655   0.672413793
   0   7   0   7   0.040000842   0.702942553   0.017241379   0.706896552
   0   7   0   7   0.024805102   0.740459389   0.017241379   0.741379310
   0   7   0   7   0.019201214   0.776837841   0.017241379   0.775862069
   0   7   0   7   0.055155451   0.739915767   0.051724138   0.741379310
   0   7   0   7   0.043529496   0.792221152   0.051724138   0.775862069
   0   7   0   7   0.071084129   0.714096845   0.086206897   0.706896552
   0   7   0   7   0.076803446   0.754849501   0.086206897   0.741379310
   0   7   0   7   0.098616794   0.746884710   0.120689655   0.741379310
   0   8   0   8   0.016729920   0.806406570   0.017241379   0.810344828
   0   8   0   8   0.026297472   0.834138236   0.017241379   0.844827586
   0   8   0   8   0.032188846   0.870271624   0.017241379   0.879310345
   0   8   0   8   0.051485060   0.819723066   0.051724138   0.810344828
   0   8   0   8   0.068780725   0.847182462   0.051724138   0.844827586
   0   8   0   8   0.053216084   0.884306749   0.051724138   0.879310345
   0   8   0   8   0.076811749   0.825061922   0.086206897   0.810344828
   0   8   0   8   0.096137406   0.847307799   0.086206897   0.844827586
   0   8   0   8   0.084845231   0.876640843   0.086206897   0.879310345
   0   9   0   9   0.026878904   0.900729524   0.017241379   0.913793103
   0   9   0   9   0.030538898   0.937444106   0.017241379   0.948275862
   0   9   0   9   0.027989895   0.988167921   0.017241379   0.982758621
   0   9   0   9   0.047403063   0.912508525   0.051724138   0.913793103
   0   9   0   9   0.052796582   0.942923869   0.051724138   0.948275862
   0   9   0   9   0.064848282   0.970809229   0.051724138   0.982758621
   0   9   0   9   0.092635719   0.916955387   0.086206897   0.913793103
   0   9   0   9   0.086233967   0.941508975   0.086206897   0.948275862
   0   9   0   9   0.082136511   0.989176869   0.086206897   0.982758621
   1   0   1   0   0.119829037   0.010187328   0.120689655   0.017241379
   1   0   1   0   0.124223473   0.063598576   0.120689655   0.051724138
   1   0   1   0   0.150813730   0.080538485   0.120689655   0.086206897
   1   0   1   0   0.154392616   0.021566475   0.155172414   0.017241379
   1   0   1   0   0.125370548   0.042983463   0.155172414   0.051724138
   1   0   1   0   0.171954748   0.072683080   0.155172414   0.086206897
   1   0   1   0   0.176527145   0.047338274   0.189655172   0.017241379
   1   1   1   1   0.149548693   0.100970953   0.120689655   0.120689655
   1   1   1   1   0.140892786   0.134061345   0.120689655   0.155172414
   1   1   1   1   0.106948223   0.196069088   0.120689655   0.189655172
   1   1   1   1   0.175150166   0.105855277   0.155172414   0.120689655
   1   1   1   1   0.164735892   0.142818731   0.155172414   0.155172414
   1   1   1   1   0.119774060   0.159113132   0.155172414   0.189655172
   1   1   1   1   0.189495979   0.137244295   0.189655172   0.120689655
   1   1   1   1   0.195195767   0.166774547   0.189655172   0.155172414
   1   1   1   1   0.170044286   0.188930214   0.189655172   0.189655172
   1   1   1   1   0.123711096   0.120126245   0.086206897   0.120689655
   1   1   1   1   0.197091161   0.110803358   0.189655172   0.086206897
   1   2   1   2   0.128115476   0.207785825   0.120689655   0.224137931
   1   2   1   2   0.105010925   0.242746305   0.120689655   0.258620690
   1   2   1   2   0.138443034   0.232738973   0.155172414   0.224137931
   1   2   1   2   0.154695292   0.279496503   0.155172414   0.258620690
   1   2   1   2   0.187862741   0.240994967   0.189655172   0.224137931
   1   2   1   2   0.191519132   0.263948085   0.189655172   0.258620690
   1   2   1   2   0.174918249   0.275836481   0.189655172   0.293103448
   1   3   1   3   0.115021437   0.326737172   0.120689655   0.327586207
   1   3   1   3   0.120786493   0.352897077   0.120689655   0.362068966
   1   3   1   3   0.155231914   0.327586864   0.155172414   0.327586207
   1   3   1   3   0.145401124   0.365028773   0.155172414   0.362068966
   1   3   1   3   0.181759515   0.383503572   0.155172414   0.396551724
   1   3   1   3   0.191551547   0.347479467   0.189655172   0.327586207
   1   3   1   3   0.126988866   0.378683734   0.120689655   0.396551724
   1   3   1   3   0.191468881   0.312204897   0.155172414   0.293103448
   1   3   1   3   0.130783202   0.300754195   0.120689655   0.293103448
   1   4   1   4   0.105176163   0.446386656   0.120689655   0.431034483
   1   4   1   4   0.112329902   0.471223971   0.120689655   0.465517241
   1   4   1   4   0.135992131   0.426955066   0.155172414   0.431034483
   1   4   1   4   0.148666267   0.463897479   0.155172414   0.465517241
   1   4   1   4   0.159614660   0.440257067   0.189655172   0.431034483
   1   4   1   4   0.193333588   0.450449904   0.189655172   0.465517241
   1   4   1   4   0.143459979   0.485497308   0.120689655   0.500000000
   1   4   1   4   0.162382309   0.492385624   0.155172414   0.500000000
   1   4   1   4   0.199906219   0.498063584   0.189655172   0.500000000
   1   4   1   4   0.192314935   0.401852055   0.189655172   0.396551724
   1   5   1   5   0.132485107   0.570763467   0.120689655   0.568965517
   1   5   1   5   0.157477012   0.540652679   0.155172414   0.534482759
   1   5   1   5   0.153340667   0.591397581   0.155172414   0.568965517
   1   5   1   5   0.176748190   0.553964637   0.189655172   0.568965517
   1   5   1   5   0.107573789   0.583137891   0.086206897   0.603448276
   1   5   1   5   0.107638553   0.562083857   0.086206897   0.568965517
   1   5   1   5   0.127308194   0.595699492   0.120689655   0.603448276
   1   5   1   5   0.192361788   0.592705714   0.224137931   0.568965517
   1   6   1   6   0.120840589   0.630260855   0.120689655   0.637931034
   1   6   1   6   0.158396943   0.614516085   0.155172414   0.603448276
   1   6   1   6   0.158203926   0.644011066   0.155172414   0.637931034
   1   6   1   6   0.179127511   0.644792773   0.155172414   0.672413793
   1   6   1   6   0.181383640   0.617152254   0.189655172   0.603448276
   1   6   1   6   0.190309355   0.667336479   0.189655172   0.672413793
   1   6   1   6   0.184005625   0.690418348   0.189655172   0.706896552
   1   6   1   6   0.117318021   0.697574369   0.155172414   0.706896552
   1   7   1   7   0.102347954   0.723051278   0.120689655   0.706896552
   1   7   1   7   0.123141748   0.791668921   0.120689655   0.775862069
   1   7   1   7   0.137686508   0.733408598   0.155172414   0.741379310
   1   7   1   7   0.158664430   0.756639446   0.155172414   0.775862069
   1   7   1   7   0.194912319   0.713634520   0.189655172   0.741379310
   1   7   1   7   0.198036146   0.741681286   0.189655172   0.775862069
   1   7   1   7   0.165761284   0.779171949   0.155172414   0.810344828
   1   7   1   7   0.103398712   0.773338625   0.086206897   0.775862069
   1   8   1   8   0.110981779   0.833215621   0.120689655   0.810344828
   1   8   1   8   0.132702722   0.863440592   0.120689655   0.844827586
   1   8   1   8   0.126901082   0.893296900   0.120689655   0.879310345
   1   8   1   8   0.160129627   0.834435727   0.155172414   0.844827586
   1   8   1   8   0.162611410   0.869798177   0.155172414   0.879310345
   1   8   1   8   0.189423552   0.846879875   0.189655172   0.844827586
   1   8   1   8   0.179867745   0.895952738   0.189655172   0.879310345
   1   9   1   9   0.130186566   0.913068429   0.120689655   0.913793103
   1   9   1   9   0.139199812   0.930970915   0.120689655   0.948275862
   1   9   1   9   0.123508961   0.974854369   0.120689655   0.982758621
   1   9   1   9   0.157392341   0.911737673   0.155172414   0.913793103
   1   9   1   9   0.159085253   0.935203403   0.155172414   0.948275862
   1   9   1   9   0.149166340   0.989342670   0.155172414   0.982758621
   1   9   1   9   0.190171045   0.919287527   0.189655172   0.913793103
   1   9   1   9   0.195735058   0.983209219   0.189655172   0.982758621
   2   0   2   0   0.242047484   0.014123117   0.224137931   0.017241379
   2   0   2   0   0.231466215   0.060215549   0.224137931   0.051724138
   2   0   2   0   0.273717284   0.027746781   0.258620690   0.017241379
   2   0   2   0   0.247672399   0.042950081   0.258620690   0.051724138
   2   0   2   0   0.258866810   0.087108665   0.258620690   0.086206897
   2   0   2   0   0.281086230   0.071223174   0.293103448   0.051724138
   2   0   2   0   0.283317274   0.095238330   0.293103448   0.086206897
   2   0   2   0   0.203385237   0.048931330   0.189655172   0.051724138
   2   1   2   1   0.211717069   0.124538607   0.224137931   0.120689655
   2   1   2   1   0.221021738   0.171581702   0.224137931   0.155172414
   2   1   2   1   0.257126855   0.119678306   0.258620690   0.120689655
   2   1   2   1   0.275575386   0.169298900   0.258620690   0.155172414
   2   1   2   1   0.254093733   0.185298255   0.258620690   0.189655172
   2   1   2   1   0.277650289   0.131890833   0.293103448   0.120689655
   2   1   2   1   0.292740117   0.155659834   0.293103448   0.155172414
   2   1   2   1   0.299618597   0.182153469   0.293103448   0.189655172
   2   1   2   1   0.232312087   0.122106291   0.224137931   0.086206897
   2   2   2   2   0.228068963   0.236994092   0.224137931   0.224137931
   2   2   2   2   0.215403323   0.270820198   0.224137931   0.258620690
   2   2   2   2   0.223264619   0.289565352   0.224137931   0.293103448
   2   2   2   2   0.251709807   0.206212864   0.258620690   0.224137931
   2   2   2   2   0.258653309   0.260301868   0.258620690   0.258620690
   2   2   2   2   0.285305028   0.225063680   0.293103448   0.224137931
   2   2   2   2   0.277348288   0.243970062   0.293103448   0.258620690
   2   2   2   2   0.227059446   0.211866451   0.224137931   0.189655172
   2   3   2   3   0.238343848   0.324344078   0.224137931   0.327586207
   2   3   2   3   0.214760458   0.339247146   0.224137931   0.362068966
   2   3   2   3   0.221643942   0.389219803   0.224137931   0.396551724
   2   3   2   3   0.263611581   0.332131150   0.258620690   0.327586207
   2   3   2   3   0.255972991   0.380021908   0.258620690   0.362068966
   2   3   2   3   0.294680269   0.330095418   0.293103448   0.327586207
   2   3   2   3   0.245146042   0.350116364   0.293103448   0.362068966
   2   3   2   3   0.284674215   0.388313405   0.293103448   0.396551724
   2   3   2   3   0.215598094   0.367720626   0.189655172   0.362068966
   2   3   2   3   0.289903976   0.309895513   0.258620690   0.293103448
   2   4   2   4   0.227866396   0.443030424   0.224137931   0.431034483
   2   4   2   4   0.210358487   0.473795469   0.224137931   0.465517241
   2   4   2   4   0.239872267   0.425599887   0.258620690   0.431034483
   2   4   2   4   0.229667259   0.467656822   0.258620690   0.465517241
   2   4   2   4   0.292666815   0.425909706   0.293103448   0.431034483
   2   4   2   4   0.272853316   0.468707226   0.293103448   0.465517241
   2   4   2   4   0.237793619   0.491318403   0.224137931   0.500000000
   2   4   2   4   0.253780124   0.403432278   0.258620690   0.396551724
   2   5   2   5   0.220279769   0.531269306   0.224137931   0.534482759
   2   5   2   5   0.262859085   0.500088289   0.258620690   0.500000000
   2   5   2   5   0.291843755   0.547326425   0.258620690   0.534482759
   2   5   2   5   0.255283701   0.558727440   0.258620690   0.568965517
   2   5   2   5   0.281871066   0.513013133   0.293103448   0.500000000
   2   5   2   5   0.210833185   0.560863229   0.189655172   0.534482759
   2   5   2   5   0.221482766   0.599377058   0.224137931   0.603448276
   2   6   2   6   0.241231372   0.638845659   0.224137931   0.637931034
   2   6   2   6   0.245031496   0.691820342   0.224137931   0.672413793
   2   6   2   6   0.251076597   0.604501778   0.258620690   0.603448276
   2   6   2   6   0.274723553   0.645823954   0.258620690   0.637931034
   2   6   2   6   0.254402647   0.663607273   0.258620690   0.672413793
   2   6   2   6   0.292061996   0.606995505   0.293103448   0.603448276
   2   6   2   6   0.275665822   0.624280511   0.293103448   0.637931034
   2   6   2   6   0.281810805   0.666895874   0.293103448   0.672413793
   2   6   2   6   0.217210997   0.654784961   0.189655172   0.637931034
   2   7   2   7   0.217443021   0.719076313   0.224137931   0.706896552
   2   7   2   7   0.224364332   0.761268986   0.224137931   0.741379310
   2   7   2   7   0.238705030   0.776433378   0.224137931   0.775862069
   2   7   2   7   0.232275384   0.733246909   0.258620690   0.706896552
   2   7   2   7   0.262209860   0.771982883   0.258620690   0.741379310
   2   7   2   7   0.276826649   0.790241842   0.258620690   0.775862069
   2   7   2   7   0.285576276   0.720218232   0.293103448   0.706896552
   2   7   2   7   0.282777296   0.763498065   0.293103448   0.741379310
   2   8   2   8   0.225531861   0.808136687   0.224137931   0.810344828
   2   8   2   8   0.229825807   0.848339990   0.224137931   0.844827586
   2   8   2   8   0.201756193   0.894615293   0.224137931   0.879310345
   2   8   2   8   0.262597493   0.807955223   0.258620690   0.810344828
   2   8   2   8   0.247111550   0.823922830   0.258620690   0.844827586
   2   8   2   8   0.211499396   0.873949701   0.258620690   0.879310345
   2   8   2   8   0.295508447   0.893185866   0.293103448   0.844827586
   2   8   2   8   0.212639540   0.828131057   0.189655172   0.810344828
   2   8   2   8   0.273234772   0.893321418   0.258620690   0.913793103
   2   9   2   9   0.233499850   0.911259722   0.224137931   0.913793103
   2   9   2   9   0.223794409   0.961552368   0.224137931   0.948275862
   2   9   2   9   0.219455621   0.985031115   0.224137931   0.982758621
   2   9   2   9   0.265064358   0.918873146   0.258620690   0.948275862
   2   9   2   9   0.240901247   0.979603520   0.258620690   0.982758621
   2   9   2   9   0.287651296   0.916094218   0.293103448   0.913793103
   2   9   2   9   0.208318499   0.932738319   0.189655172   0.948275862
   3   0   3   0   0.340135545   0.011536668   0.327586207   0.017241379
   3   0   3   0   0.343022391   0.059189095   0.327586207   0.051724138
   3   0   3   0   0.302056708   0.047014238   0.327586207   0.086206897
   3   0   3   0   0.350052357   0.039138771   0.362068966   0.017241379
   3   0   3   0   0.363547575   0.084092234   0.362068966   0.051724138
   3   0   3   0   0.391414972   0.037958596   0.396551724   0.017241379
   3   0   3   0   0.370284405   0.054190220   0.396551724   0.051724138
   3   0   3   0   0.310411926   0.015024663   0.293103448   0.017241379
   3   1   3   1   0.322483452   0.122585639   0.327586207   0.120689655
   3   1   3   1   0.316736685   0.171630876   0.327586207   0.155172414
   3   1   3   1   0.343855072   0.169697125   0.327586207   0.189655172
   3   1   3   1   0.376971351   0.145711783   0.362068966   0.120689655
   3   1   3   1   0.379680941   0.170534986   0.362068966   0.155172414
   3   1   3   1   0.359914258   0.184186490   0.362068966   0.189655172
   3   1   3   1   0.399084752   0.158464076   0.396551724   0.155172414
   3   1   3   1   0.342143163   0.117992858   0.362068966   0.086206897
   3   2   3   2   0.313762731   0.216200601   0.327586207   0.224137931
   3   2   3   2   0.327687955   0.265653475   0.327586207   0.258620690
   3   2   3   2   0.339178754   0.296090727   0.327586207   0.293103448
   3   2   3   2   0.376716699   0.221049566   0.362068966   0.224137931
   3   2   3   2   0.346134848   0.230198898   0.362068966   0.258620690
   3   2   3   2   0.349799927   0.274070962   0.362068966   0.293103448
   3   2   3   2   0.393317763   0.236887827   0.396551724   0.224137931
   3   2   3   2   0.310874761   0.279101258   0.293103448   0.293103448
   3   3   3   3   0.327832151   0.317668156   0.327586207   0.327586207
   3   3   3   3   0.323932127   0.349125705   0.327586207   0.362068966
   3   3   3   3   0.303640138   0.361574343   0.327586207   0.396551724
   3   3   3   3   0.357986284   0.344854625   0.362068966   0.327586207
   3   3   3   3   0.368156968   0.377352627   0.362068966   0.362068966
   3   3   3   3   0.347088629   0.393289094   0.362068966   0.396551724
   3   3   3   3   0.398355133   0.328107813   0.396551724   0.327586207
   3   3   3   3   0.390680523   0.357719690   0.396551724   0.362068966
   3   3   3   3   0.395566078   0.397925530   0.396551724   0.396551724
   3   4   3   4   0.339749525   0.448586547   0.327586207   0.431034483
   3   4   3   4   0.304264324   0.459817884   0.327586207   0.465517241
   3   4   3   4   0.363097593   0.430422252   0.362068966   0.431034483
   3   4   3   4   0.322066119   0.481056473   0.362068966   0.465517241
   3   4   3   4   0.384114121   0.446294152   0.396551724   0.431034483
   3   4   3   4   0.395146948   0.465422702   0.396551724   0.465517241
   3   4   3   4   0.390503237   0.486605003   0.396551724   0.500000000
   3   4   3   4   0.389166609   0.419138269   0.431034483   0.431034483
   3   5   3   5   0.302219698   0.517291282   0.327586207   0.500000000
   3   5   3   5   0.349630562   0.507353341   0.327586207   0.534482759
   3   5   3   5   0.314005019   0.566920889   0.327586207   0.568965517
   3   5   3   5   0.376421241   0.518368195   0.362068966   0.500000000
   3   5   3   5   0.345014868   0.544871343   0.362068966   0.534482759
   3   5   3   5   0.345926525   0.565095816   0.362068966   0.568965517
   3   5   3   5   0.395251481   0.540983019   0.396551724   0.534482759
   3   5   3   5   0.372694386   0.566129746   0.396551724   0.568965517
   3   5   3   5   0.312276533   0.537574151   0.293103448   0.534482759
   3   5   3   5   0.308778816   0.590217582   0.293103448   0.568965517
   3   5   3   5   0.388860741   0.591841080   0.431034483   0.568965517
   3   6   3   6   0.330626134   0.604833346   0.327586207   0.603448276
   3   6   3   6   0.306819279   0.648732356   0.327586207   0.637931034
   3   6   3   6   0.332176443   0.665488326   0.327586207   0.672413793
   3   6   3   6   0.342481829   0.642281476   0.362068966   0.637931034
   3   6   3   6   0.362317213   0.649783294   0.362068966   0.672413793
   3   6   3   6   0.352599551   0.604174435   0.362068966   0.603448276
   3   7   3   7   0.318011908   0.745682567   0.327586207   0.741379310
   3   7   3   7   0.346007567   0.788032904   0.327586207   0.775862069
   3   7   3   7   0.396591679   0.700672949   0.362068966   0.706896552
   3   7   3   7   0.398732972   0.761224335   0.362068966   0.741379310
   3   7   3   7   0.375343029   0.773819467   0.362068966   0.775862069
   3   7   3   7   0.366521288   0.728720008   0.396551724   0.706896552
   3   7   3   7   0.325184984   0.793634434   0.327586207   0.810344828
   3   7   3   7   0.309945635   0.775172865   0.293103448   0.775862069
   3   7   3   7   0.301010068   0.703777840   0.327586207   0.706896552
   3   8   3   8   0.301303072   0.849815777   0.327586207   0.844827586
   3   8   3   8   0.334818196   0.859928489   0.327586207   0.879310345
   3   8   3   8   0.376752009   0.816104545   0.362068966   0.810344828
   3   8   3   8   0.334443836   0.838142749   0.362068966   0.844827586
   3   8   3   8   0.386329495   0.854914951   0.362068966   0.879310345
   3   8   3   8   0.337493191   0.889493306   0.293103448   0.879310345
   3   8   3   8   0.304136344   0.802149029   0.293103448   0.810344828
   3   9   3   9   0.334673109   0.909869488   0.327586207   0.913793103
   3   9   3   9   0.307980079   0.935711226   0.327586207   0.948275862
   3   9   3   9   0.358200390   0.988461449   0.327586207   0.982758621
   3   9   3   9   0.373446884   0.908963461   0.362068966   0.913793103
   3   9   3   9   0.391784246   0.928492369   0.362068966   0.948275862
   3   9   3   9   0.359167024   0.950071565   0.362068966   0.982758621
   3   9   3   9   0.332655732   0.956650737   0.293103448   0.948275862
   3   9   3   9   0.332432488   0.987100703   0.293103448   0.982758621
   3   9   3   9   0.396946594   0.974458211   0.396551724   0.948275862
   4   0   4   0   0.421024010   0.034389087   0.431034483   0.017241379
   4   0   4   0   0.439006889   0.057325186   0.431034483   0.051724138
   4   0   4   0   0.477809279   0.014567282   0.465517241   0.017241379
   4   0   4   0   0.465534810   0.052405907   0.465517241   0.051724138
   4   0   4   0   0.475486366   0.075007058   0.500000000   0.051724138
   4   0   4   0   0.496981956   0.084796280   0.500000000   0.086206897
   4   0   4   0   0.400969612   0.073550895   0.396551724   0.086206897
   4   1   4   1   0.450991473   0.144550858   0.431034483   0.120689655
   4   1   4   1   0.428957390   0.163077894   0.431034483   0.155172414
   4   1   4   1   0.417942823   0.198758886   0.431034483   0.189655172
   4   1   4   1   0.488547475   0.127084188   0.465517241   0.120689655
   4   1   4   1   0.486343480   0.184528488   0.465517241   0.155172414
   4   1   4   1   0.465208230   0.183284901   0.465517241   0.189655172
   4   1   4   1   0.410081361   0.178533969   0.396551724   0.189655172
   4   1   4   1   0.491697814   0.161375885   0.500000000   0.155172414
   4   1   4   1   0.469609627   0.120627052   0.465517241   0.086206897
   4   1   4   1   0.400571989   0.114446692   0.396551724   0.120689655
   4   1   4   1   0.422161377   0.104906135   0.431034483   0.086206897
   4   2   4   2   0.419214001   0.238933262   0.431034483   0.224137931
   4   2   4   2   0.435999028   0.260033538   0.431034483   0.258620690
   4   2   4   2   0.469688557   0.215521770   0.465517241   0.224137931
   4   2   4   2   0.447652182   0.229867827   0.465517241   0.258620690
   4   2   4   2   0.476797427   0.295122754   0.465517241   0.293103448
   4   2   4   2   0.494362226   0.266443743   0.500000000   0.258620690
   4   2   4   2   0.498485533   0.288204266   0.500000000   0.293103448
   4   2   4   2   0.400747430   0.284060185   0.396551724   0.258620690
   4   3   4   3   0.415210570   0.350624331   0.431034483   0.327586207
   4   3   4   3   0.461491650   0.385285551   0.431034483   0.362068966
   4   3   4   3   0.456755975   0.350287714   0.465517241   0.327586207
   4   3   4   3   0.476375067   0.358442406   0.465517241   0.362068966
   4   3   4   3   0.495691566   0.393692002   0.465517241   0.396551724
   4   3   4   3   0.467640793   0.321545063   0.500000000   0.327586207
   4   3   4   3   0.447005663   0.306720698   0.431034483   0.293103448
   4   3   4   3   0.401101538   0.307707726   0.396551724   0.293103448
   4   3   4   3   0.419381466   0.395672568   0.431034483   0.396551724
   4   4   4   4   0.432330959   0.465298202   0.431034483   0.465517241
   4   4   4   4   0.449581784   0.418072009   0.465517241   0.431034483
   4   4   4   4   0.455803724   0.450164786   0.465517241   0.465517241
   4   4   4   4   0.481202737   0.487192315   0.500000000   0.465517241
   4   5   4   5   0.419230608   0.509276418   0.431034483   0.500000000
   4   5   4   5   0.452907795   0.535732473   0.431034483   0.534482759
   4   5   4   5   0.483953809   0.520630161   0.465517241   0.534482759
   4   5   4   5   0.485510078   0.540808040   0.465517241   0.568965517
   4   5   4   5   0.479377153   0.572094032   0.500000000   0.568965517
   4   5   4   5   0.451523848   0.509770212   0.465517241   0.500000000
   4   6   4   6   0.427804565   0.602324396   0.431034483   0.603448276
   4   6   4   6   0.426042348   0.638145296   0.431034483   0.637931034
   4   6   4   6   0.449896881   0.680016510   0.431034483   0.672413793
   4   6   4   6   0.449599512   0.634965343   0.465517241   0.603448276
   4   6   4   6   0.476890040   0.626772075   0.465517241   0.637931034
   4   6   4   6   0.467319905   0.658001860   0.465517241   0.672413793
   4   6   4   6   0.494900370   0.667882756   0.500000000   0.672413793
   4   6   4   6   0.409095694   0.617324448   0.396551724   0.603448276
   4   6   4   6   0.466662874   0.695858826   0.465517241   0.706896552
   4   6   4   6   0.412534846   0.659334403   0.396551724   0.637931034
   4   6   4   6   0.425998453   0.679341424   0.396551724   0.672413793
   4   6   4   6   0.487918857   0.697337394   0.500000000   0.706896552
   4   7   4   7   0.427029562   0.708408171   0.431034483   0.706896552
   4   7   4   7   0.444893733   0.734020263   0.431034483   0.741379310
   4   7   4   7   0.450820015   0.764034165   0.465517241   0.741379310
   4   7   4   7   0.466479146   0.776607862   0.465517241   0.775862069
   4   7   4   7   0.425781328   0.740930032   0.396551724   0.775862069
   4   7   4   7   0.488721923   0.792756059   0.500000000   0.775862069
   4   7   4   7   0.405588146   0.730358680   0.396551724   0.741379310
   4   7   4   7   0.419673954   0.796191077   0.431034483   0.810344828
   4   8   4   8   0.415937957   0.849434585   0.431034483   0.844827586
   4   8   4   8   0.435392253   0.865618698   0.431034483   0.879310345
   4   8   4   8   0.490483178   0.818840788   0.465517241   0.810344828
   4   8   4   8   0.444567190   0.829015365   0.465517241   0.844827586
   4   8   4   8   0.483629999   0.876478071   0.500000000   0.879310345
   4   8   4   8   0.420355934   0.893548278   0.396551724   0.879310345
   4   8   4   8   0.404132735   0.868771161   0.396551724   0.844827586
   4   8   4   8   0.454412618   0.884262704   0.465517241   0.913793103
   4   8   4   8   0.403097767   0.807676918   0.396551724   0.810344828
   4   8   4   8   0.446921185   0.806106850   0.431034483   0.775862069
   4   9   4   9   0.425188078   0.932368753   0.431034483   0.913793103
   4   9   4   9   0.432378598   0.953351914   0.431034483   0.948275862
   4   9   4   9   0.456448128   0.967442467   0.431034483   0.982758621
   4   9   4   9   0.467385682   0.946515593   0.465517241   0.948275862
   4   9   4   9   0.487633889   0.962211513   0.465517241   0.982758621
   4   9   4   9   0.424128275   0.980559292   0.396551724   0.982758621
   4   9   4   9   0.410153333   0.918308719   0.396551724   0.913793103
   4   9   4   9   0.484259149   0.915375618   0.465517241   0.879310345
   5   0   5   0   0.504175544   0.023225001   0.500000000   0.017241379
   5   0   5   0   0.518679310   0.040079884   0.534482759   0.017241379
   5   0   5   0   0.526996580   0.066783312   0.534482759   0.051724138
   5   0   5   0   0.554529553   0.015625760   0.568965517   0.017241379
   5   0   5   0   0.539350550   0.035891522   0.568965517   0.051724138
   5   0   5   0   0.565386420   0.079620261   0.568965517   0.086206897
   5   0   5   0   0.574461167   0.020405609   0.603448276   0.017241379
   5   0   5   0   0.585600394   0.070036542   0.603448276   0.086206897
   5   0   5   0   0.571502149   0.045395278   0.603448276   0.051724138
   5   0   5   0   0.579239758   0.097809380   0.568965517   0.120689655
   5   1   5   1   0.512123242   0.136556521   0.500000000   0.120689655
   5   1   5   1   0.525278569   0.116177501   0.534482759   0.120689655
   5   1   5   1   0.517122620   0.171231432   0.534482759   0.155172414
   5   1   5   1   0.580194174   0.144978919   0.568965517   0.155172414
   5   1   5   1   0.571965157   0.193660825   0.568965517   0.189655172
   5   1   5   1   0.588414609   0.126547045   0.603448276   0.120689655
   5   1   5   1   0.519597516   0.191430156   0.500000000   0.189655172
   5   1   5   1   0.551349231   0.113624539   0.534482759   0.086206897
   5   1   5   1   0.598186989   0.187850987   0.603448276   0.189655172
   5   2   5   2   0.504145525   0.241569661   0.500000000   0.224137931
   5   2   5   2   0.517958753   0.256706890   0.534482759   0.224137931
   5   2   5   2   0.554608871   0.258838618   0.534482759   0.258620690
   5   2   5   2   0.523984187   0.276043191   0.534482759   0.293103448
   5   2   5   2   0.566049610   0.215826231   0.568965517   0.224137931
   5   2   5   2   0.585928939   0.259353722   0.568965517   0.258620690
   5   2   5   2   0.563078903   0.284118345   0.568965517   0.293103448
   5   2   5   2   0.547411735   0.229673328   0.534482759   0.189655172
   5   2   5   2   0.587069574   0.297696190   0.603448276   0.293103448
   5   3   5   3   0.503612583   0.349039992   0.500000000   0.362068966
   5   3   5   3   0.521818889   0.386708813   0.500000000   0.396551724
   5   3   5   3   0.513404818   0.302413388   0.534482759   0.327586207
   5   3   5   3   0.534206034   0.332732053   0.534482759   0.362068966
   5   3   5   3   0.560050445   0.399134870   0.534482759   0.396551724
   5   3   5   3   0.565018560   0.309901732   0.568965517   0.327586207
   5   3   5   3   0.582618976   0.363633221   0.568965517   0.362068966
   5   3   5   3   0.567996986   0.344500647   0.603448276   0.327586207
   5   4   5   4   0.500352967   0.419732934   0.500000000   0.431034483
   5   4   5   4   0.533748453   0.431149230   0.534482759   0.431034483
   5   4   5   4   0.519112991   0.458602330   0.534482759   0.465517241
   5   4   5   4   0.558401626   0.419290687   0.568965517   0.431034483
   5   4   5   4   0.597956048   0.486935547   0.568965517   0.465517241
   5   4   5   4   0.529376541   0.482074757   0.534482759   0.500000000
   5   4   5   4   0.594088028   0.426523466   0.603448276   0.431034483
   5   4   5   4   0.577486266   0.409952901   0.568965517   0.396551724
   5   4   5   4   0.504568464   0.497763882   0.500000000   0.500000000
   5   5   5   5   0.513768257   0.530509110   0.500000000   0.534482759
   5   5   5   5   0.530511301   0.506754618   0.534482759   0.534482759
   5   5   5   5   0.537888708   0.583317555   0.534482759   0.568965517
   5   5   5   5   0.586791221   0.505677546   0.568965517   0.500000000
   5   5   5   5   0.554846431   0.556808797   0.568965517   0.534482759
   5   5   5   5   0.575086726   0.573345582   0.568965517   0.568965517
   5   5   5   5   0.505162212   0.584588619   0.500000000   0.603448276
   5   5   5   5   0.560650832   0.595914747   0.568965517   0.603448276
   5   6   5   6   0.546606869   0.614810115   0.534482759   0.603448276
   5   6   5   6   0.507771261   0.647914317   0.534482759   0.637931034
   5   6   5   6   0.538547776   0.686242969   0.534482759   0.672413793
   5   6   5   6   0.565635089   0.645345946   0.568965517   0.637931034
   5   6   5   6   0.573295370   0.675267729   0.568965517   0.672413793
   5   6   5   6   0.590646828   0.620877781   0.603448276   0.637931034
   5   6   5   6   0.516023704   0.603392094   0.500000000   0.637931034
   5   7   5   7   0.525076305   0.744393072   0.500000000   0.741379310
   5   7   5   7   0.534787091   0.706427872   0.534482759   0.706896552
   5   7   5   7   0.553233518   0.746530887   0.534482759   0.741379310
   5   7   5   7   0.530485170   0.767343253   0.534482759   0.775862069
   5   7   5   7   0.539226426   0.730192528   0.568965517   0.706896552
   5   7   5   7   0.591919234   0.767864162   0.568965517   0.741379310
   5   7   5   7   0.575179046   0.779973452   0.568965517   0.775862069
   5   7   5   7   0.544994538   0.781364142   0.534482759   0.810344828
   5   7   5   7   0.588021824   0.710227599   0.603448276   0.706896552
   5   8   5   8   0.513902000   0.807147324   0.500000000   0.810344828
   5   8   5   8   0.515610649   0.839243956   0.500000000   0.844827586
   5   8   5   8   0.532982767   0.857175886   0.534482759   0.844827586
   5   8   5   8   0.535983955   0.877916244   0.534482759   0.879310345
   5   8   5   8   0.564256056   0.815716613   0.568965517   0.810344828
   5   8   5   8   0.558601762   0.871651178   0.568965517   0.844827586
   5   8   5   8   0.583812203   0.809636777   0.603448276   0.775862069
   5   9   5   9   0.510794108   0.926108667   0.500000000   0.913793103
   5   9   5   9   0.503366728   0.949686372   0.500000000   0.948275862
   5   9   5   9   0.509390705   0.983407092   0.500000000   0.982758621
   5   9   5   9   0.538983529   0.934707982   0.534482759   0.913793103
   5   9   5   9   0.534960511   0.956903223   0.534482759   0.948275862
   5   9   5   9   0.533508273   0.982142239   0.534482759   0.982758621
   5   9   5   9   0.599143351   0.923394836   0.568965517   0.913793103
   5   9   5   9   0.563518216   0.936027065   0.568965517   0.948275862
   5   9   5   9   0.583715081   0.968358303   0.568965517   0.982758621
   5   9   5   9   0.590232031   0.987444393   0.603448276   0.982758621
   5   9   5   9   0.563272126   0.904012014   0.568965517   0.879310345
   5   9   5   9   0.591752674   0.904673474   0.603448276   0.879310345
   6   0   6   0   0.601466939   0.014444358   0.637931034   0.017241379
   6   0   6   0   0.642556443   0.042337297   0.637931034   0.051724138
   6   0   6   0   0.645161907   0.088988532   0.637931034   0.086206897
   6   0   6   0   0.640970975   0.016416368   0.672413793   0.017241379
   6   0   6   0   0.672404605   0.052641441   0.672413793   0.051724138
   6   0   6   0   0.676935009   0.081028032   0.672413793   0.086206897
   6   0   6   0   0.666216242   0.022637092   0.706896552   0.051724138
   6   1   6   1   0.605803700   0.156315565   0.603448276   0.155172414
   6   1   6   1   0.607066404   0.111104142   0.637931034   0.120689655
   6   1   6   1   0.626177078   0.138739789   0.637931034   0.155172414
   6   1   6   1   0.625540009   0.196833079   0.637931034   0.189655172
   6   1   6   1   0.668640294   0.124256112   0.672413793   0.120689655
   6   1   6   1   0.669914956   0.161173113   0.672413793   0.155172414
   6   1   6   1   0.650380552   0.179468416   0.672413793   0.189655172
   6   1   6   1   0.694310553   0.190513715   0.706896552   0.189655172
   6   2   6   2   0.621366124   0.293738359   0.603448276   0.258620690
   6   2   6   2   0.642348704   0.221713258   0.637931034   0.224137931
   6   2   6   2   0.641080956   0.266071921   0.637931034   0.258620690
   6   2   6   2   0.676455689   0.206385889   0.672413793   0.224137931
   6   2   6   2   0.674500409   0.256054159   0.672413793   0.258620690
   6   2   6   2   0.660472828   0.280369633   0.672413793   0.293103448
   6   2   6   2   0.683726659   0.281260806   0.706896552   0.293103448
   6   2   6   2   0.605572470   0.223082220   0.603448276   0.224137931
   6   3   6   3   0.604881810   0.354682759   0.603448276   0.362068966
   6   3   6   3   0.622977703   0.339666440   0.637931034   0.327586207
   6   3   6   3   0.632122583   0.359129351   0.637931034   0.362068966
   6   3   6   3   0.647633094   0.396966031   0.637931034   0.396551724
   6   3   6   3   0.682791400   0.308596052   0.672413793   0.327586207
   6   3   6   3   0.661032407   0.354883265   0.672413793   0.362068966
   6   3   6   3   0.667834218   0.393462689   0.672413793   0.396551724
   6   3   6   3   0.639528942   0.310109140   0.637931034   0.293103448
   6   4   6   4   0.604176929   0.458758658   0.603448276   0.465517241
   6   4   6   4   0.626273548   0.443756988   0.637931034   0.431034483
   6   4   6   4   0.653774895   0.472645260   0.637931034   0.465517241
   6   4   6   4   0.675235705   0.412554900   0.672413793   0.431034483
   6   4   6   4   0.676983318   0.470138228   0.672413793   0.465517241
   6   4   6   4   0.633667222   0.479355619   0.637931034   0.500000000
   6   4   6   4   0.619137648   0.407746923   0.603448276   0.396551724
   6   4   6   4   0.695658880   0.441425062   0.706896552   0.431034483
   6   5   6   5   0.606728355   0.514907340   0.603448276   0.500000000
   6   5   6   5   0.603171367   0.537752776   0.603448276   0.534482759
   6   5   6   5   0.611759763   0.563823437   0.603448276   0.568965517
   6   5   6   5   0.628642066   0.547300571   0.637931034   0.534482759
   6   5   6   5   0.631414694   0.579404019   0.637931034   0.568965517
   6   5   6   5   0.653181033   0.545947825   0.672413793   0.534482759
   6   5   6   5   0.668082212   0.574432506   0.672413793   0.568965517
   6   5   6   5   0.685483022   0.514782058   0.706896552   0.500000000
   6   5   6   5   0.642873751   0.512447803   0.672413793   0.500000000
   6   5   6   5   0.614719395   0.591308264   0.603448276   0.603448276
   6   5   6   5   0.693054639   0.545339564   0.706896552   0.534482759
   6   6   6   6   0.631927375   0.694814808   0.603448276   0.672413793
   6   6   6   6   0.639011493   0.636118236   0.637931034   0.637931034
   6   6   6   6   0.630523299   0.658970090   0.637931034   0.672413793
   6   6   6   6   0.685609391   0.606493563   0.672413793   0.603448276
   6   6   6   6   0.677202014   0.658509462   0.672413793   0.637931034
   6   6   6   6   0.654043022   0.663695050   0.672413793   0.672413793
   6   6   6   6   0.632331607   0.613022577   0.637931034   0.603448276
   6   7   6   7   0.625386858   0.716417832   0.637931034   0.706896552
   6   7   6   7   0.646673513   0.755533430   0.637931034   0.741379310
   6   7   6   7   0.685130297   0.722674354   0.672413793   0.706896552
   6   7   6   7   0.659414936   0.724264989   0.672413793   0.741379310
   6   7   6   7   0.671993360   0.767049533   0.672413793   0.775862069
   6   7   6   7   0.631282403   0.741685281   0.603448276   0.741379310
   6   7   6   7   0.679846864   0.745971210   0.706896552   0.741379310
   6   7   6   7   0.680285061   0.793544781   0.672413793   0.810344828
   6   7   6   7   0.625662273   0.789354511   0.637931034   0.775862069
   6   8   6   8   0.609758313   0.810656123   0.603448276   0.810344828
   6   8   6   8   0.625689270   0.878310772   0.603448276   0.844827586
   6   8   6   8   0.625145481   0.826231128   0.637931034   0.810344828
   6   8   6   8   0.620596240   0.853068826   0.637931034   0.844827586
   6   8   6   8   0.645353591   0.874246445   0.637931034   0.879310345
   6   8   6   8   0.659365843   0.825784077   0.672413793   0.844827586
   6   8   6   8   0.673460736   0.886349283   0.672413793   0.879310345
   6   8   6   8   0.676974499   0.813340343   0.706896552   0.844827586
   6   8   6   8   0.653697494   0.898083405   0.637931034   0.913793103
   6   8   6   8   0.699676799   0.828601426   0.706896552   0.810344828
   6   9   6   9   0.614001691   0.909108580   0.603448276   0.913793103
   6   9   6   9   0.605795792   0.948281388   0.603448276   0.948275862
   6   9   6   9   0.642452215   0.949049407   0.637931034   0.948275862
   6   9   6   9   0.607118779   0.970290510   0.637931034   0.982758621
   6   9   6   9   0.665055675   0.920363961   0.672413793   0.948275862
   6   9   6   9   0.654629890   0.989932703   0.672413793   0.982758621
   6   9   6   9   0.697403557   0.984624830   0.706896552   0.982758621
   6   9   6   9   0.687219807   0.964117327   0.706896552   0.948275862
   7   0   7   0   0.705689284   0.017591406   0.706896552   0.017241379
   7   0   7   0   0.716127159   0.076469729   0.706896552   0.086206897
   7   0   7   0   0.726415836   0.034044151   0.741379310   0.017241379
   7   0   7   0   0.720735020   0.055471319   0.741379310   0.051724138
   7   0   7   0   0.741504030   0.086110940   0.741379310   0.086206897
   7   0   7   0   0.754967033   0.033723222   0.775862069   0.017241379
   7   0   7   0   0.775117295   0.045147707   0.775862069   0.051724138
   7   0   7   0   0.788039419   0.095231164   0.775862069   0.086206897
   7   0   7   0   0.759040521   0.096654497   0.741379310   0.120689655
   7   1   7   1   0.717640118   0.103224303   0.706896552   0.120689655
   7   1   7   1   0.713816056   0.127169719   0.706896552   0.155172414
   7   1   7   1   0.738732336   0.142939886   0.741379310   0.155172414
   7   1   7   1   0.730517716   0.174149782   0.741379310   0.189655172
   7   1   7   1   0.755267166   0.126261737   0.775862069   0.120689655
   7   1   7   1   0.767153380   0.160814218   0.775862069   0.155172414
   7   1   7   1   0.786622108   0.170992669   0.775862069   0.189655172
   7   1   7   1   0.799540093   0.154008915   0.810344828   0.155172414
   7   2   7   2   0.719347706   0.267624180   0.706896552   0.258620690
   7   2   7   2   0.742198866   0.256509633   0.741379310   0.224137931
   7   2   7   2   0.742080417   0.288116484   0.741379310   0.258620690
   7   2   7   2   0.755552972   0.229738165   0.775862069   0.224137931
   7   2   7   2   0.775094609   0.266288291   0.775862069   0.258620690
   7   2   7   2   0.771571639   0.291957486   0.775862069   0.293103448
   7   2   7   2   0.704766791   0.222891074   0.706896552   0.224137931
   7   3   7   3   0.706770888   0.338429924   0.706896552   0.327586207
   7   3   7   3   0.761091129   0.339581452   0.741379310   0.327586207
   7   3   7   3   0.719584565   0.380937773   0.741379310   0.362068966
   7   3   7   3   0.773684463   0.320153021   0.775862069   0.327586207
   7   3   7   3   0.795880318   0.359086708   0.775862069   0.362068966
   7   3   7   3   0.773932748   0.394304282   0.775862069   0.396551724
   7   3   7   3   0.736673453   0.312912141   0.741379310   0.293103448
   7   3   7   3   0.707159032   0.396759296   0.706896552   0.362068966
   7   3   7   3   0.799143247   0.379787636   0.810344828   0.396551724
   7   4   7   4   0.707589849   0.458357614   0.706896552   0.465517241
   7   4   7   4   0.750938903   0.452776276   0.741379310   0.431034483
   7   4   7   4   0.724088822   0.481008470   0.741379310   0.465517241
   7   4   7   4   0.769853812   0.414140553   0.775862069   0.431034483
   7   4   7   4   0.788089092   0.484925227   0.775862069   0.465517241
   7   4   7   4   0.711101446   0.427577389   0.706896552   0.396551724
   7   4   7   4   0.744031544   0.401137932   0.741379310   0.396551724
   7   5   7   5   0.706767320   0.565375437   0.706896552   0.568965517
   7   5   7   5   0.762143297   0.505325757   0.741379310   0.500000000
   7   5   7   5   0.711767353   0.532692103   0.741379310   0.534482759
   7   5   7   5   0.740112308   0.560905015   0.741379310   0.568965517
   7   5   7   5   0.783166408   0.520705588   0.775862069   0.500000000
   7   5   7   5   0.771369988   0.540636538   0.775862069   0.534482759
   7   5   7   5   0.733165342   0.597604001   0.741379310   0.603448276
   7   6   7   6   0.712075872   0.614008825   0.706896552   0.603448276
   7   6   7   6   0.735095914   0.624697249   0.706896552   0.637931034
   7   6   7   6   0.708505741   0.672722772   0.706896552   0.672413793
   7   6   7   6   0.751685500   0.605577645   0.741379310   0.637931034
   7   6   7   6   0.749613428   0.652227670   0.741379310   0.672413793
   7   6   7   6   0.774332311   0.618818152   0.775862069   0.637931034
   7   6   7   6   0.771726258   0.694740400   0.775862069   0.672413793
   7   6   7   6   0.719316250   0.693402995   0.741379310   0.706896552
   7   7   7   7   0.700238876   0.739189627   0.706896552   0.706896552
   7   7   7   7   0.766914726   0.722191871   0.741379310   0.741379310
   7   7   7   7   0.732797660   0.782917442   0.741379310   0.775862069
   7   7   7   7   0.790024400   0.717984960   0.775862069   0.706896552
   7   7   7   7   0.755203314   0.755756679   0.775862069   0.741379310
   7   7   7   7   0.783311719   0.777163110   0.775862069   0.775862069
   7   7   7   7   0.767265444   0.794275293   0.741379310   0.810344828
   7   8   7   8   0.744988252   0.895419441   0.706896552   0.879310345
   7   8   7   8   0.731534020   0.838321151   0.741379310   0.844827586
   7   8   7   8   0.764978722   0.857859582   0.741379310   0.879310345
   7   8   7   8   0.781226121   0.815717655   0.775862069   0.810344828
   7   8   7   8   0.760174019   0.832765534   0.775862069   0.844827586
   7   8   7   8   0.784096522   0.889471628   0.775862069   0.879310345
   7   8   7   8   0.719359316   0.802391096   0.706896552   0.775862069
   7   9   7   9   0.725927282   0.907331397   0.706896552   0.913793103
   7   9   7   9   0.762841127   0.920018266   0.741379310   0.913793103
   7   9   7   9   0.742240153   0.931837470   0.741379310   0.948275862
   7   9   7   9   0.734521953   0.951056224   0.741379310   0.982758621
   7   9   7   9   0.788196839   0.923024097   0.775862069   0.913793103
   7   9   7   9   0.781612975   0.968458429   0.775862069   0.948275862
   7   9   7   9   0.755387280   0.970750070   0.775862069   0.982758621
   7   9   7   9   0.703875196   0.934482663   0.672413793   0.913793103
   8   0   8   0   0.808691732   0.013053179   0.810344828   0.017241379
   8   0   8   0   0.815160354   0.048782346   0.810344828   0.051724138
   8   0   8   0   0.816497436   0.083911233   0.810344828   0.086206897
   8   0   8   0   0.830564554   0.024485822   0.844827586   0.017241379
   8   0   8   0   0.835515616   0.076781101   0.844827586   0.051724138
   8   0   8   0   0.890433672   0.046237274   0.879310345   0.051724138
   8   0   8   0   0.885733656   0.068886991   0.879310345   0.086206897
   8   0   8   0   0.852108845   0.087990873   0.844827586   0.086206897
   8   1   8   1   0.815882953   0.105477283   0.810344828   0.120689655
   8   1   8   1   0.859119357   0.151048861   0.844827586   0.120689655
   8   1   8   1   0.837302213   0.156560294   0.844827586   0.155172414
   8   1   8   1   0.808348590   0.183065397   0.844827586   0.189655172
   8   1   8   1   0.884802080   0.118212715   0.879310345   0.120689655
   8   1   8   1   0.886085073   0.162596668   0.879310345   0.155172414
   8   2   8   2   0.814084859   0.244512999   0.810344828   0.224137931
   8   2   8   2   0.805345237   0.276525488   0.810344828   0.258620690
   8   2   8   2   0.837388089   0.216087326   0.844827586   0.224137931
   8   2   8   2   0.851639792   0.277243632   0.844827586   0.258620690
   8   2   8   2   0.839889339   0.299866851   0.844827586   0.293103448
   8   2   8   2   0.879398677   0.222844577   0.879310345   0.224137931
   8   2   8   2   0.875251513   0.267562258   0.879310345   0.293103448
   8   2   8   2   0.814367866   0.220846671   0.810344828   0.189655172
   8   2   8   2   0.899000063   0.208719173   0.879310345   0.189655172
   8   3   8   3   0.809014375   0.329603690   0.810344828   0.327586207
   8   3   8   3   0.818541252   0.362939260   0.810344828   0.362068966
   8   3   8   3   0.846595120   0.329634218   0.844827586   0.327586207
   8   3   8   3   0.840032761   0.387578201   0.844827586   0.362068966
   8   3   8   3   0.875819658   0.313189127   0.879310345   0.327586207
   8   3   8   3   0.844957441   0.361915266   0.879310345   0.362068966
   8   3   8   3   0.869233055   0.375442696   0.879310345   0.396551724
   8   3   8   3   0.809745704   0.308851314   0.810344828   0.293103448
   8   4   8   4   0.804854348   0.419438653   0.810344828   0.431034483
   8   4   8   4   0.819194577   0.482946522   0.810344828   0.465517241
   8   4   8   4   0.852328010   0.416284800   0.844827586   0.431034483
   8   4   8   4   0.852197695   0.469738781   0.844827586   0.465517241
   8   4   8   4   0.860467261   0.444470224   0.879310345   0.431034483
   8   4   8   4   0.870827605   0.483833252   0.879310345   0.465517241
   8   4   8   4   0.826526625   0.411392546   0.844827586   0.396551724
   8   4   8   4   0.884559533   0.407960534   0.913793103   0.396551724
   8   5   8   5   0.811227513   0.533105097   0.810344828   0.534482759
   8   5   8   5   0.823191595   0.582300449   0.810344828   0.568965517
   8   5   8   5   0.837730910   0.509386365   0.844827586   0.500000000
   8   5   8   5   0.834580650   0.551431157   0.844827586   0.534482759
   8   5   8   5   0.852821849   0.568231320   0.844827586   0.568965517
   8   5   8   5   0.883244209   0.510369802   0.879310345   0.500000000
   8   5   8   5   0.854213066   0.526558668   0.879310345   0.534482759
   8   5   8   5   0.872030809   0.547913690   0.879310345   0.568965517
   8   5   8   5   0.845044052   0.596317999   0.844827586   0.603448276
   8   5   8   5   0.808260295   0.511184204   0.810344828   0.500000000
   8   5   8   5   0.888047600   0.534618703   0.913793103   0.534482759
   8   5   8   5   0.804422599   0.554150299   0.775862069   0.568965517
   8   6   8   6   0.841851373   0.616782669   0.810344828   0.603448276
   8   6   8   6   0.839532435   0.667748257   0.810344828   0.637931034
   8   6   8   6   0.853677603   0.636913993   0.844827586   0.637931034
   8   6   8   6   0.864681359   0.670974643   0.844827586   0.672413793
   8   6   8   6   0.892186619   0.607292320   0.879310345   0.603448276
   8   6   8   6   0.873562347   0.641653226   0.879310345   0.637931034
   8   6   8   6   0.873522062   0.692053432   0.879310345   0.672413793
   8   6   8   6   0.894970800   0.628305310   0.913793103   0.637931034
   8   6   8   6   0.824204049   0.605096123   0.775862069   0.603448276
   8   6   8   6   0.850659262   0.687011952   0.844827586   0.706896552
   8   7   8   7   0.831467765   0.740049111   0.810344828   0.706896552
   8   7   8   7   0.803601321   0.744884825   0.810344828   0.741379310
   8   7   8   7   0.819787918   0.779808799   0.810344828   0.775862069
   8   7   8   7   0.853105350   0.740202551   0.844827586   0.741379310
   8   7   8   7   0.871291737   0.782636440   0.844827586   0.775862069
   8   7   8   7   0.868715205   0.721253870   0.879310345   0.741379310
   8   7   8   7   0.881540896   0.763550376   0.879310345   0.775862069
   8   7   8   7   0.883890214   0.743063710   0.913793103   0.741379310
   8   7   8   7   0.819157497   0.721608359   0.810344828   0.672413793
   8   7   8   7   0.898048787   0.781120718   0.913793103   0.775862069
   8   8   8   8   0.837481578   0.810264155   0.810344828   0.810344828
   8   8   8   8   0.813209237   0.832495196   0.810344828   0.844827586
   8   8   8   8   0.859584861   0.813913783   0.844827586   0.810344828
   8   8   8   8   0.848114118   0.861039182   0.844827586   0.844827586
   8   8   8   8   0.865405597   0.886888184   0.844827586   0.879310345
   8   8   8   8   0.883661113   0.812519584   0.879310345   0.810344828
   8   8   8   8   0.885707745   0.843643097   0.879310345   0.844827586
   8   8   8   8   0.872901806   0.865761974   0.879310345   0.879310345
   8   8   8   8   0.812635018   0.888753328   0.810344828   0.913793103
   8   9   8   9   0.810162743   0.962928692   0.810344828   0.948275862
   8   9   8   9   0.826076434   0.978701997   0.810344828   0.982758621
   8   9   8   9   0.817228378   0.928977513   0.844827586   0.913793103
   8   9   8   9   0.845800289   0.925864275   0.844827586   0.948275862
   8   9   8   9   0.851343433   0.969353787   0.844827586   0.982758621
   8   9   8   9   0.863071075   0.936736946   0.879310345   0.948275862
   8   9   8   9   0.871709291   0.959721055   0.879310345   0.982758621
   8   9   8   9   0.888823836   0.929062810   0.913793103   0.948275862
   8   9   8   9   0.885257154   0.975515878   0.913793103   0.982758621
   8   9   8   9   0.836543567   0.907900797   0.810344828   0.879310345
   8   9   8   9   0.879924043   0.901387023   0.879310345   0.913793103
   9   0   9   0   0.918978361   0.020395199   0.913793103   0.017241379
   9   0   9   0   0.918824330   0.062724387   0.913793103   0.051724138
   9   0   9   0   0.901073761   0.098610523   0.913793103   0.086206897
   9   0   9   0   0.941495735   0.010840812   0.948275862   0.017241379
   9   0   9   0   0.944298266   0.055495074   0.948275862   0.051724138
   9   0   9   0   0.946373169   0.088606678   0.948275862   0.086206897
   9   0   9   0   0.967758765   0.012377250   0.982758621   0.017241379
   9   0   9   0   0.988695299   0.016865890   0.982758621   0.051724138
   9   0   9   0   0.913216369   0.041345712   0.879310345   0.017241379
   9   1   9   1   0.911497362   0.118069488   0.913793103   0.120689655
   9   1   9   1   0.908244180   0.171429313   0.913793103   0.155172414
   9   1   9   1   0.924401471   0.197268644   0.913793103   0.189655172
   9   1   9   1   0.951432681   0.124839659   0.948275862   0.120689655
   9   1   9   1   0.927638697   0.157799717   0.948275862   0.155172414
   9   1   9   1   0.986037513   0.133990429   0.982758621   0.120689655
   9   1   9   1   0.960415700   0.150116674   0.982758621   0.155172414
   9   1   9   1   0.955673119   0.174621600   0.982758621   0.189655172
   9   1   9   1   0.969698332   0.105097572   0.982758621   0.086206897
   9   2   9   2   0.922887600   0.224453121   0.913793103   0.224137931
   9   2   9   2   0.933824760   0.270708971   0.913793103   0.258620690
   9   2   9   2   0.958150710   0.256305916   0.948275862   0.224137931
   9   2   9   2   0.975023532   0.274755594   0.948275862   0.258620690
   9   2   9   2   0.981176949   0.214106416   0.982758621   0.224137931
   9   2   9   2   0.987999407   0.233471823   0.982758621   0.258620690
   9   2   9   2   0.954570573   0.224769285   0.948275862   0.189655172
   9   2   9   2   0.912355755   0.244092225   0.879310345   0.258620690
   9   3   9   3   0.907295593   0.343939275   0.913793103   0.327586207
   9   3   9   3   0.939969194   0.335628723   0.948275862   0.327586207
   9   3   9   3   0.948833752   0.356905445   0.948275862   0.362068966
   9   3   9   3   0.955423396   0.396071475   0.948275862   0.396551724
   9   3   9   3   0.985044700   0.322721372   0.982758621   0.327586207
   9   3   9   3   0.969065069   0.353126100   0.982758621   0.362068966
   9   3   9   3   0.983088545   0.397661587   0.982758621   0.396551724
   9   3   9   3   0.911602008   0.324153177   0.913793103   0.293103448
   9   3   9   3   0.954637075   0.316120325   0.948275862   0.293103448
   9   3   9   3   0.987418397   0.302649106   0.982758621   0.293103448
   9   4   9   4   0.903663680   0.430453042   0.913793103   0.431034483
   9   4   9   4   0.911319706   0.462039708   0.913793103   0.465517241
   9   4   9   4   0.970437635   0.426863389   0.948275862   0.431034483
   9   4   9   4   0.957057382   0.467153819   0.948275862   0.465517241
   9   4   9   4   0.989155200   0.444362277   0.982758621   0.431034483
   9   4   9   4   0.980933289   0.466310867   0.982758621   0.465517241
   9   4   9   4   0.974110587   0.498491866   0.982758621   0.500000000
   9   4   9   4   0.914949980   0.484472722   0.913793103   0.500000000
   9   4   9   4   0.916277574   0.405012776   0.913793103   0.362068966
   9   5   9   5   0.903744110   0.559714205   0.913793103   0.568965517
   9   5   9   5   0.956117580   0.531426696   0.948275862   0.500000000
   9   5   9   5   0.930500811   0.537811467   0.948275862   0.534482759
   9   5   9   5   0.937851045   0.572490316   0.948275862   0.568965517
   9   5   9   5   0.979133090   0.530893482   0.982758621   0.534482759
   9   5   9   5   0.981213350   0.592073695   0.982758621   0.568965517
   9   5   9   5   0.966701955   0.562248345   0.948275862   0.603448276
   9   6   9   6   0.937182707   0.671911130   0.913793103   0.672413793
   9   6   9   6   0.930884757   0.638098585   0.948275862   0.637931034
   9   6   9   6   0.953980152   0.656565523   0.948275862   0.672413793
   9   6   9   6   0.968560611   0.618463659   0.982758621   0.603448276
   9   6   9   6   0.986756093   0.628602744   0.982758621   0.637931034
   9   6   9   6   0.984940869   0.658382491   0.982758621   0.672413793
   9   6   9   6   0.913806280   0.680768305   0.913793103   0.706896552
   9   6   9   6   0.919984796   0.615897711   0.913793103   0.603448276
   9   7   9   7   0.962316314   0.718363532   0.948275862   0.706896552
   9   7   9   7   0.911506177   0.735246023   0.948275862   0.741379310
   9   7   9   7   0.918090381   0.781293106   0.948275862   0.775862069
   9   7   9   7   0.985774436   0.721545752   0.982758621   0.706896552
   9   7   9   7   0.976518289   0.743671807   0.982758621   0.741379310
   9   7   9   7   0.981761039   0.779299382   0.982758621   0.775862069
   9   7   9   7   0.960783192   0.792454407   0.982758621   0.810344828
   9   7   9   7   0.910213242   0.715223481   0.879310345   0.706896552
   9   7   9   7   0.929550075   0.799199980   0.948275862   0.810344828
   9   8   9   8   0.904882682   0.852269359   0.913793103   0.810344828
   9   8   9   8   0.930027423   0.847230024   0.913793103   0.844827586
   9   8   9   8   0.919378522   0.893321308   0.913793103   0.879310345
   9   8   9   8   0.954726369   0.842604878   0.948275862   0.844827586
   9   8   9   8   0.939914940   0.889520793   0.948275862   0.879310345
   9   8   9   8   0.965774606   0.860118388   0.982758621   0.844827586
   9   8   9   8   0.962025760   0.881949707   0.982758621   0.879310345
   9   9   9   9   0.918581246   0.925928822   0.913793103   0.913793103
   9   9   9   9   0.946871766   0.912129959   0.948275862   0.913793103
   9   9   9   9   0.974759535   0.966798361   0.948275862   0.948275862
   9   9   9   9   0.945948476   0.988089636   0.948275862   0.982758621
   9   9   9   9   0.984668062   0.916269417   0.982758621   0.913793103
   9   9   9   9   0.987453672   0.947350648   0.982758621   0.948275862
   9   9   9   9   0.985997880   0.988930509   0.982758621   0.982758621
