# ix  iyhoodxhoody             x             y         x_org         y_org
   0   0   0   0   0.011897226   0.039145990   0.017241379   0.017241379
   0   0   0   0   0.042015462   0.021521248   0.017241379   0.051724138
   0   0   0   0   0.063058507   0.048048216   0.051724138   0.051724138
   0   0   0   0   0.042074680   0.057562745   0.051724138   0.086206897
   0   0   0   0   0.063276084   0.012452400   0.155172414   0.051724138
   0   0   0   0   0.092976545   0.038733491   0.086206897   0.086206897
   0   0   0   0   0.067416912   0.070603321   0.051724138   0.120689655
   0   0   0   0   0.084595284   0.081937773   0.086206897   0.189655172
   0   0   0   0   0.050243745   0.097124332   0.051724138   0.155172414
   0   0   0   0   0.099054255   0.019529260   0.086206897   0.017241379
   0   1   0   1   0.055380336   0.122823463   0.017241379   0.120689655
   0   1   0   1   0.063476583   0.163682395   0.017241379   0.155172414
   0   1   0   1   0.043382033   0.149631961   0.017241379   0.189655172
   0   1   0   1   0.081598624   0.122599666   0.086206897   0.155172414
   0   1   0   1   0.012206968   0.129759077   0.017241379   0.086206897
   0   1   0   1   0.086772763   0.159343260   0.224137931   0.120689655
   0   1   0   1   0.057162709   0.195137198   0.051724138   0.189655172
   0   2   0   2   0.017788069   0.258972765   0.017241379   0.224137931
   0   2   0   2   0.019808123   0.200209448   0.051724138   0.258620690
   0   2   0   2   0.098572895   0.259725405   0.051724138   0.293103448
   0   2   0   2   0.033280081   0.224321795   0.120689655   0.258620690
   0   2   0   2   0.084629514   0.244087495   0.120689655   0.189655172
   0   2   0   2   0.048756394   0.259716913   0.017241379   0.327586207
   0   2   0   2   0.055511076   0.220654047   0.051724138   0.224137931
   0   2   0   2   0.095199800   0.293469682   0.017241379   0.362068966
   0   3   0   3   0.074697247   0.380300480   0.086206897   0.327586207
   0   3   0   3   0.032423321   0.351438976   0.086206897   0.362068966
   0   3   0   3   0.038624200   0.322199170   0.086206897   0.396551724
   0   3   0   3   0.074708956   0.310150326   0.155172414   0.431034483
   0   3   0   3   0.065786819   0.353988225   0.155172414   0.362068966
   0   3   0   3   0.020174929   0.378083425   0.051724138   0.362068966
   0   3   0   3   0.052242398   0.385170882   0.086206897   0.431034483
   0   3   0   3   0.086704891   0.327288421   0.017241379   0.293103448
   0   3   0   3   0.090059262   0.359078541   0.120689655   0.396551724
   0   4   0   4   0.028965680   0.444326815   0.017241379   0.431034483
   0   4   0   4   0.013165767   0.465473334   0.017241379   0.465517241
   0   4   0   4   0.069068968   0.466005399   0.051724138   0.396551724
   0   4   0   4   0.070904173   0.415946342   0.120689655   0.431034483
   0   4   0   4   0.099019184   0.440587378   0.086206897   0.465517241
   0   5   0   5   0.068137766   0.520441067   0.017241379   0.500000000
   0   5   0   5   0.016832036   0.514009139   0.017241379   0.534482759
   0   5   0   5   0.081240517   0.556438202   0.017241379   0.568965517
   0   5   0   5   0.038949001   0.573838425   0.086206897   0.534482759
   0   5   0   5   0.024557454   0.545953176   0.051724138   0.465517241
   0   5   0   5   0.052313352   0.541901344   0.051724138   0.431034483
   0   5   0   5   0.041801305   0.513888985   0.051724138   0.500000000
   0   5   0   5   0.024560053   0.592156909   0.017241379   0.603448276
   0   6   0   6   0.045969495   0.660975308   0.017241379   0.672413793
   0   6   0   6   0.024758180   0.654016142   0.051724138   0.672413793
   0   6   0   6   0.067542404   0.661104972   0.051724138   0.706896552
   0   6   0   6   0.076503752   0.640216362   0.051724138   0.603448276
   0   6   0   6   0.047569345   0.699198117   0.086206897   0.706896552
   0   6   0   6   0.046189600   0.625548964   0.017241379   0.637931034
   0   6   0   6   0.013847397   0.687723558   0.017241379   0.741379310
   0   6   0   6   0.097807686   0.602335552   0.051724138   0.568965517
   0   7   0   7   0.039712953   0.781599436   0.017241379   0.775862069
   0   7   0   7   0.035537586   0.751985652   0.051724138   0.741379310
   0   7   0   7   0.016514616   0.732031188   0.051724138   0.775862069
   0   7   0   7   0.088603426   0.753584686   0.120689655   0.741379310
   0   7   0   7   0.068232052   0.753580726   0.120689655   0.706896552
   0   7   0   7   0.054518744   0.732332660   0.120689655   0.637931034
   0   7   0   7   0.081853856   0.725208408   0.120689655   0.672413793
   0   7   0   7   0.090204650   0.703263857   0.017241379   0.706896552
   0   8   0   8   0.030358076   0.840519910   0.017241379   0.810344828
   0   8   0   8   0.049416843   0.848330750   0.017241379   0.844827586
   0   8   0   8   0.058384262   0.867031247   0.051724138   0.879310345
   0   8   0   8   0.048925437   0.897789867   0.086206897   0.844827586
   0   8   0   8   0.029703622   0.873620622   0.017241379   0.913793103
   0   8   0   8   0.036421290   0.813715894   0.120689655   0.810344828
   0   8   0   8   0.092664915   0.803067333   0.051724138   0.810344828
   0   8   0   8   0.016496314   0.816347693   0.086206897   0.741379310
   0   9   0   9   0.047047293   0.983919518   0.017241379   0.948275862
   0   9   0   9   0.026459751   0.977005866   0.017241379   0.982758621
   0   9   0   9   0.043760173   0.961853511   0.051724138   0.948275862
   0   9   0   9   0.098031059   0.946231781   0.086206897   0.982758621
   0   9   0   9   0.074407081   0.916215830   0.051724138   0.913793103
   0   9   0   9   0.032444887   0.920845002   0.017241379   0.879310345
   0   9   0   9   0.098858223   0.986187129   0.051724138   0.982758621
   1   0   1   0   0.151925625   0.065395116   0.120689655   0.017241379
   1   0   1   0   0.151086376   0.036806233   0.120689655   0.051724138
   1   0   1   0   0.167757025   0.018705623   0.155172414   0.017241379
   1   0   1   0   0.176791496   0.043957184   0.189655172   0.017241379
   1   0   1   0   0.130427517   0.026821728   0.051724138   0.017241379
   1   0   1   0   0.181073821   0.094207962   0.120689655   0.155172414
   1   0   1   0   0.117108224   0.048779511   0.086206897   0.120689655
   1   1   1   1   0.173597092   0.120200508   0.155172414   0.155172414
   1   1   1   1   0.139528832   0.175339593   0.120689655   0.224137931
   1   1   1   1   0.112331705   0.141013934   0.155172414   0.189655172
   1   1   1   1   0.162759644   0.159471716   0.189655172   0.224137931
   1   1   1   1   0.128488006   0.105088709   0.086206897   0.051724138
   1   1   1   1   0.151321694   0.197118240   0.155172414   0.224137931
   1   1   1   1   0.195051903   0.117878078   0.224137931   0.155172414
   1   1   1   1   0.119137190   0.198527224   0.189655172   0.189655172
   1   2   1   2   0.163341608   0.265270161   0.086206897   0.224137931
   1   2   1   2   0.138609307   0.222186158   0.189655172   0.155172414
   1   2   1   2   0.103325346   0.218122113   0.086206897   0.258620690
   1   2   1   2   0.128158212   0.242027172   0.120689655   0.327586207
   1   2   1   2   0.183276422   0.256076911   0.120689655   0.293103448
   1   2   1   2   0.156995915   0.236227109   0.258620690   0.258620690
   1   2   1   2   0.139087067   0.277890155   0.120689655   0.362068966
   1   2   1   2   0.194667342   0.274496294   0.224137931   0.258620690
   1   2   1   2   0.157827568   0.285237451   0.224137931   0.189655172
   1   2   1   2   0.189528515   0.211173507   0.189655172   0.086206897
   1   2   1   2   0.143150579   0.299233024   0.086206897   0.293103448
   1   3   1   3   0.158241978   0.357326764   0.189655172   0.327586207
   1   3   1   3   0.110111823   0.374428821   0.051724138   0.327586207
   1   3   1   3   0.163415462   0.337828619   0.155172414   0.258620690
   1   3   1   3   0.167511794   0.380123403   0.189655172   0.465517241
   1   3   1   3   0.110161273   0.314902400   0.017241379   0.258620690
   1   3   1   3   0.183791738   0.329222916   0.224137931   0.293103448
   1   4   1   4   0.169386496   0.426874111   0.120689655   0.465517241
   1   4   1   4   0.183754149   0.469513515   0.155172414   0.465517241
   1   4   1   4   0.122557419   0.404298133   0.189655172   0.431034483
   1   4   1   4   0.157125260   0.410169435   0.086206897   0.500000000
   1   4   1   4   0.140260077   0.471214405   0.155172414   0.534482759
   1   4   1   4   0.189376360   0.488729664   0.224137931   0.465517241
   1   4   1   4   0.147194609   0.441893101   0.258620690   0.465517241
   1   4   1   4   0.129476793   0.490034168   0.017241379   0.396551724
   1   4   1   4   0.167505946   0.496394425   0.086206897   0.568965517
   1   4   1   4   0.180903746   0.401639205   0.189655172   0.258620690
   1   5   1   5   0.110850938   0.556144490   0.086206897   0.603448276
   1   5   1   5   0.187464657   0.568871691   0.155172414   0.500000000
   1   5   1   5   0.178407883   0.514011210   0.189655172   0.500000000
   1   5   1   5   0.176595723   0.539711379   0.051724138   0.534482759
   1   5   1   5   0.131257968   0.530017898   0.120689655   0.534482759
   1   5   1   5   0.145687675   0.505372923   0.120689655   0.500000000
   1   5   1   5   0.197399381   0.529508597   0.189655172   0.534482759
   1   6   1   6   0.142403673   0.686496341   0.155172414   0.603448276
   1   6   1   6   0.123973698   0.677775836   0.189655172   0.672413793
   1   6   1   6   0.168047086   0.628145496   0.155172414   0.706896552
   1   6   1   6   0.150507967   0.639514552   0.051724138   0.637931034
   1   6   1   6   0.140029093   0.657310199   0.086206897   0.637931034
   1   6   1   6   0.191209275   0.686183588   0.155172414   0.637931034
   1   6   1   6   0.180127731   0.611430964   0.120689655   0.603448276
   1   6   1   6   0.156205846   0.606039611   0.120689655   0.568965517
   1   6   1   6   0.119925626   0.697370897   0.155172414   0.672413793
   1   6   1   6   0.199115008   0.662446567   0.189655172   0.568965517
   1   7   1   7   0.141037983   0.711660455   0.155172414   0.741379310
   1   7   1   7   0.173842682   0.703883254   0.155172414   0.775862069
   1   7   1   7   0.168293700   0.743213072   0.155172414   0.810344828
   1   7   1   7   0.136144548   0.753348527   0.086206897   0.775862069
   1   7   1   7   0.109607900   0.724489192   0.086206897   0.672413793
   1   7   1   7   0.167274242   0.723091023   0.224137931   0.810344828
   1   7   1   7   0.109889668   0.758505244   0.189655172   0.844827586
   1   7   1   7   0.134977377   0.792161725   0.155172414   0.879310345
   1   7   1   7   0.184269552   0.784334433   0.224137931   0.741379310
   1   7   1   7   0.110508590   0.789091839   0.120689655   0.775862069
   1   8   1   8   0.167652540   0.850501718   0.120689655   0.844827586
   1   8   1   8   0.147252848   0.841278960   0.086206897   0.879310345
   1   8   1   8   0.182200323   0.885520507   0.120689655   0.913793103
   1   8   1   8   0.105255519   0.871063128   0.086206897   0.810344828
   1   8   1   8   0.125330543   0.842955114   0.051724138   0.844827586
   1   8   1   8   0.182228945   0.822834038   0.120689655   0.879310345
   1   8   1   8   0.151592678   0.809193021   0.189655172   0.810344828
   1   8   1   8   0.146773011   0.897318237   0.086206897   0.948275862
   1   8   1   8   0.199018677   0.874314815   0.224137931   0.879310345
   1   9   1   9   0.133897611   0.984201710   0.155172414   0.982758621
   1   9   1   9   0.156795592   0.988038637   0.189655172   0.982758621
   1   9   1   9   0.157780450   0.965924522   0.189655172   0.879310345
   1   9   1   9   0.133522346   0.917654295   0.086206897   0.913793103
   1   9   1   9   0.135311228   0.958221311   0.120689655   0.982758621
   2   0   2   0   0.272088823   0.075407588   0.224137931   0.051724138
   2   0   2   0   0.265076518   0.037443407   0.258620690   0.051724138
   2   0   2   0   0.251695649   0.019054001   0.258620690   0.086206897
   2   0   2   0   0.205808162   0.013212923   0.189655172   0.051724138
   2   0   2   0   0.237508124   0.046243893   0.120689655   0.086206897
   2   0   2   0   0.248866295   0.067536611   0.120689655   0.120689655
   2   0   2   0   0.214326807   0.058593546   0.155172414   0.120689655
   2   0   2   0   0.266314848   0.094856931   0.327586207   0.051724138
   2   0   2   0   0.210403638   0.091076326   0.293103448   0.120689655
   2   1   2   1   0.218234806   0.154880024   0.258620690   0.120689655
   2   1   2   1   0.207821570   0.178999005   0.258620690   0.155172414
   2   1   2   1   0.242591955   0.140127148   0.327586207   0.120689655
   2   1   2   1   0.223751140   0.133331220   0.293103448   0.051724138
   2   1   2   1   0.232851042   0.174393868   0.327586207   0.189655172
   2   1   2   1   0.285374583   0.187156942   0.293103448   0.189655172
   2   1   2   1   0.280799708   0.156331762   0.362068966   0.258620690
   2   1   2   1   0.241751060   0.118081547   0.155172414   0.086206897
   2   1   2   1   0.288461152   0.101816617   0.327586207   0.086206897
   2   2   2   2   0.249664835   0.249215204   0.224137931   0.224137931
   2   2   2   2   0.283158666   0.210207953   0.293103448   0.258620690
   2   2   2   2   0.227437688   0.242734370   0.189655172   0.120689655
   2   2   2   2   0.232326475   0.278909511   0.327586207   0.258620690
   2   2   2   2   0.264342769   0.231339041   0.258620690   0.224137931
   2   2   2   2   0.273742212   0.266398434   0.258620690   0.293103448
   2   2   2   2   0.209785671   0.258735443   0.189655172   0.293103448
   2   2   2   2   0.213855476   0.226098403   0.224137931   0.086206897
   2   2   2   2   0.205929043   0.292040582   0.224137931   0.327586207
   2   2   2   2   0.256073463   0.294828066   0.293103448   0.327586207
   2   2   2   2   0.212790742   0.205040313   0.293103448   0.155172414
   2   3   2   3   0.237130799   0.315222466   0.293103448   0.362068966
   2   3   2   3   0.201387965   0.339450423   0.155172414   0.293103448
   2   3   2   3   0.259656868   0.380526333   0.155172414   0.396551724
   2   3   2   3   0.206943559   0.368621813   0.155172414   0.327586207
   2   3   2   3   0.235137720   0.390118233   0.224137931   0.431034483
   2   3   2   3   0.298491235   0.359007881   0.327586207   0.396551724
   2   4   2   4   0.264647697   0.496924055   0.258620690   0.431034483
   2   4   2   4   0.205431029   0.440389977   0.224137931   0.534482759
   2   4   2   4   0.282215070   0.438177157   0.293103448   0.431034483
   2   4   2   4   0.229884021   0.439712289   0.258620690   0.362068966
   2   4   2   4   0.262788198   0.448959037   0.362068966   0.465517241
   2   4   2   4   0.212645874   0.478849133   0.293103448   0.465517241
   2   4   2   4   0.250328299   0.427358709   0.224137931   0.396551724
   2   4   2   4   0.275404597   0.415827233   0.189655172   0.362068966
   2   4   2   4   0.216242533   0.409287406   0.189655172   0.396551724
   2   4   2   4   0.297762946   0.403622166   0.362068966   0.362068966
   2   5   2   5   0.230074657   0.594412922   0.258620690   0.568965517
   2   5   2   5   0.218606954   0.556447176   0.224137931   0.603448276
   2   5   2   5   0.268853137   0.533687550   0.224137931   0.500000000
   2   5   2   5   0.237327185   0.549275276   0.258620690   0.603448276
   2   5   2   5   0.299214597   0.543193427   0.293103448   0.637931034
   2   5   2   5   0.276527610   0.570160898   0.224137931   0.637931034
   2   5   2   5   0.297455243   0.579255858   0.327586207   0.603448276
   2   5   2   5   0.221486668   0.508125864   0.293103448   0.500000000
   2   6   2   6   0.263764495   0.643585243   0.258620690   0.637931034
   2   6   2   6   0.278646380   0.660922233   0.224137931   0.706896552
   2   6   2   6   0.220221119   0.652399842   0.189655172   0.603448276
   2   6   2   6   0.245138795   0.667466481   0.258620690   0.706896552
   2   6   2   6   0.266905355   0.690856566   0.258620690   0.672413793
   2   6   2   6   0.208315058   0.633261607   0.189655172   0.637931034
   2   6   2   6   0.203587284   0.602254173   0.155172414   0.568965517
   2   6   2   6   0.293066443   0.695490584   0.327586207   0.741379310
   2   7   2   7   0.237947609   0.784984955   0.293103448   0.741379310
   2   7   2   7   0.271508425   0.715143687   0.189655172   0.775862069
   2   7   2   7   0.271819624   0.773244244   0.224137931   0.672413793
   2   7   2   7   0.293772653   0.741885452   0.189655172   0.741379310
   2   7   2   7   0.203607390   0.702262475   0.155172414   0.844827586
   2   7   2   7   0.261917332   0.739474524   0.224137931   0.568965517
   2   7   2   7   0.245622630   0.712000404   0.189655172   0.706896552
   2   7   2   7   0.257851308   0.791145102   0.258620690   0.844827586
   2   7   2   7   0.218109672   0.775599668   0.224137931   0.775862069
   2   8   2   8   0.235488276   0.855316743   0.224137931   0.844827586
   2   8   2   8   0.247884765   0.874675689   0.258620690   0.948275862
   2   8   2   8   0.279005763   0.889243164   0.258620690   0.879310345
   2   8   2   8   0.233616446   0.825299654   0.258620690   0.741379310
   2   8   2   8   0.285984654   0.865830187   0.293103448   0.810344828
   2   8   2   8   0.265381326   0.835836536   0.327586207   0.810344828
   2   8   2   8   0.239801333   0.805759679   0.293103448   0.706896552
   2   9   2   9   0.241778901   0.986152717   0.224137931   0.948275862
   2   9   2   9   0.232784029   0.960994266   0.224137931   0.982758621
   2   9   2   9   0.281751281   0.951931190   0.293103448   0.844827586
   2   9   2   9   0.259183798   0.921636349   0.224137931   0.913793103
   2   9   2   9   0.221825665   0.983891643   0.155172414   0.948275862
   2   9   2   9   0.211188697   0.903695680   0.155172414   0.913793103
   2   9   2   9   0.220768216   0.929123508   0.189655172   0.913793103
   2   9   2   9   0.210979879   0.961829707   0.120689655   0.948275862
   2   9   2   9   0.293069716   0.972326380   0.293103448   0.913793103
   3   0   3   0   0.341164307   0.043251947   0.327586207   0.017241379
   3   0   3   0   0.375693906   0.011778786   0.396551724   0.017241379
   3   0   3   0   0.373501817   0.069145608   0.396551724   0.051724138
   3   0   3   0   0.304624050   0.087041080   0.293103448   0.017241379
   3   0   3   0   0.322379504   0.064007767   0.396551724   0.086206897
   3   0   3   0   0.332002326   0.012963938   0.224137931   0.017241379
   3   0   3   0   0.368372987   0.041641632   0.465517241   0.120689655
   3   0   3   0   0.302487886   0.038366733   0.258620690   0.017241379
   3   0   3   0   0.333270680   0.095974555   0.293103448   0.086206897
   3   0   3   0   0.396841204   0.013309815   0.465517241   0.051724138
   3   0   3   0   0.388360562   0.082785740   0.431034483   0.017241379
   3   1   3   1   0.397008524   0.190016065   0.362068966   0.120689655
   3   1   3   1   0.367941302   0.163609184   0.362068966   0.086206897
   3   1   3   1   0.321700216   0.130244870   0.362068966   0.051724138
   3   1   3   1   0.387288461   0.156322351   0.362068966   0.017241379
   3   1   3   1   0.309332350   0.181457015   0.293103448   0.224137931
   3   1   3   1   0.344992336   0.124589453   0.465517241   0.017241379
   3   1   3   1   0.337685735   0.165352509   0.362068966   0.224137931
   3   1   3   1   0.390866110   0.110802670   0.500000000   0.051724138
   3   2   3   2   0.357580751   0.232435558   0.362068966   0.293103448
   3   2   3   2   0.317853813   0.242016864   0.396551724   0.224137931
   3   2   3   2   0.368720472   0.278978094   0.327586207   0.224137931
   3   2   3   2   0.342979504   0.256862716   0.362068966   0.327586207
   3   2   3   2   0.381624594   0.262295538   0.362068966   0.155172414
   3   2   3   2   0.306615291   0.222369826   0.258620690   0.189655172
   3   2   3   2   0.374950309   0.201098739   0.327586207   0.155172414
   3   2   3   2   0.315528366   0.275617028   0.258620690   0.327586207
   3   3   3   3   0.329494577   0.365893246   0.396551724   0.327586207
   3   3   3   3   0.375680648   0.324435272   0.396551724   0.362068966
   3   3   3   3   0.398562733   0.365305683   0.327586207   0.293103448
   3   3   3   3   0.359540951   0.355188232   0.327586207   0.362068966
   3   3   3   3   0.327990911   0.338291338   0.224137931   0.362068966
   3   3   3   3   0.327841030   0.390781579   0.431034483   0.431034483
   3   3   3   3   0.301904344   0.309595835   0.293103448   0.293103448
   3   3   3   3   0.344451330   0.306347897   0.500000000   0.258620690
   3   3   3   3   0.394158367   0.396321540   0.534482759   0.465517241
   3   3   3   3   0.300549995   0.383572314   0.362068966   0.396551724
   3   4   3   4   0.358503989   0.446719007   0.327586207   0.465517241
   3   4   3   4   0.356947230   0.477388552   0.293103448   0.396551724
   3   4   3   4   0.339222878   0.441031484   0.431034483   0.396551724
   3   4   3   4   0.390234543   0.483191477   0.396551724   0.500000000
   3   4   3   4   0.329719071   0.467287438   0.293103448   0.534482759
   3   4   3   4   0.319289081   0.437855378   0.258620690   0.396551724
   3   4   3   4   0.367297557   0.422670787   0.465517241   0.431034483
   3   4   3   4   0.373954428   0.498340595   0.396551724   0.396551724
   3   5   3   5   0.338380072   0.558606436   0.362068966   0.534482759
   3   5   3   5   0.356895199   0.538924826   0.396551724   0.568965517
   3   5   3   5   0.346536804   0.595650150   0.431034483   0.568965517
   3   5   3   5   0.316307366   0.532121560   0.327586207   0.500000000
   3   5   3   5   0.315844440   0.566266318   0.465517241   0.500000000
   3   5   3   5   0.380222349   0.541794842   0.327586207   0.534482759
   3   5   3   5   0.366533736   0.559891130   0.431034483   0.534482759
   3   5   3   5   0.321460635   0.504490774   0.258620690   0.500000000
   3   5   3   5   0.342209273   0.512815629   0.327586207   0.431034483
   3   5   3   5   0.370260407   0.586798666   0.362068966   0.568965517
   3   5   3   5   0.394207010   0.592736102   0.293103448   0.568965517
   3   6   3   6   0.370010087   0.646011902   0.327586207   0.568965517
   3   6   3   6   0.394415157   0.644993469   0.396551724   0.603448276
   3   6   3   6   0.327458631   0.664931487   0.293103448   0.603448276
   3   6   3   6   0.328449038   0.621932267   0.258620690   0.534482759
   3   6   3   6   0.395943603   0.689003352   0.431034483   0.637931034
   3   6   3   6   0.331912074   0.694195730   0.293103448   0.672413793
   3   6   3   6   0.307260048   0.664405948   0.327586207   0.637931034
   3   6   3   6   0.305165724   0.632779259   0.362068966   0.637931034
   3   7   3   7   0.342120418   0.786072052   0.362068966   0.775862069
   3   7   3   7   0.375138184   0.703885056   0.396551724   0.706896552
   3   7   3   7   0.353355426   0.733921982   0.293103448   0.775862069
   3   7   3   7   0.315060330   0.723217393   0.327586207   0.672413793
   3   7   3   7   0.313877034   0.745171667   0.258620690   0.775862069
   3   7   3   7   0.399163238   0.775337585   0.362068966   0.672413793
   3   7   3   7   0.358468011   0.774330596   0.362068966   0.879310345
   3   7   3   7   0.386733010   0.733792773   0.396551724   0.741379310
   3   7   3   7   0.320729481   0.797412806   0.362068966   0.810344828
   3   7   3   7   0.384725229   0.791718641   0.396551724   0.844827586
   3   7   3   7   0.305427580   0.783187600   0.327586207   0.706896552
   3   8   3   8   0.345070005   0.810180835   0.327586207   0.879310345
   3   8   3   8   0.365222113   0.877510344   0.293103448   0.879310345
   3   8   3   8   0.312236771   0.841804055   0.327586207   0.775862069
   3   8   3   8   0.336210296   0.832778280   0.327586207   0.913793103
   3   8   3   8   0.375720387   0.898664007   0.362068966   0.982758621
   3   8   3   8   0.396634963   0.811027251   0.431034483   0.844827586
   3   8   3   8   0.303700606   0.888619295   0.327586207   0.844827586
   3   8   3   8   0.315035865   0.869088601   0.258620690   0.810344828
   3   9   3   9   0.364458285   0.935798018   0.327586207   0.948275862
   3   9   3   9   0.331697273   0.937356098   0.327586207   0.982758621
   3   9   3   9   0.314666585   0.956854185   0.293103448   0.982758621
   3   9   3   9   0.369703716   0.974337314   0.362068966   0.948275862
   3   9   3   9   0.341328987   0.917701514   0.362068966   0.844827586
   3   9   3   9   0.320777744   0.988891896   0.258620690   0.982758621
   3   9   3   9   0.327999999   0.902275304   0.189655172   0.948275862
   4   0   4   0   0.418370672   0.023700309   0.500000000   0.017241379
   4   0   4   0   0.413333195   0.056867872   0.568965517   0.051724138
   4   0   4   0   0.437024526   0.042813575   0.603448276   0.051724138
   4   0   4   0   0.440664842   0.011180907   0.568965517   0.017241379
   4   0   4   0   0.448865016   0.065883801   0.465517241   0.086206897
   4   0   4   0   0.485709002   0.074812547   0.603448276   0.017241379
   4   1   4   1   0.449581666   0.131936100   0.500000000   0.155172414
   4   1   4   1   0.462804680   0.160055470   0.431034483   0.086206897
   4   1   4   1   0.426763840   0.116660779   0.396551724   0.120689655
   4   1   4   1   0.411323863   0.156284044   0.431034483   0.051724138
   4   1   4   1   0.460251565   0.103745928   0.500000000   0.086206897
   4   1   4   1   0.494445385   0.135767005   0.534482759   0.051724138
   4   1   4   1   0.486578363   0.194058533   0.465517241   0.224137931
   4   2   4   2   0.481201242   0.269516094   0.500000000   0.293103448
   4   2   4   2   0.441531825   0.271093122   0.500000000   0.224137931
   4   2   4   2   0.477208353   0.246358418   0.465517241   0.189655172
   4   2   4   2   0.408782621   0.264768012   0.465517241   0.258620690
   4   2   4   2   0.404091563   0.243389125   0.431034483   0.155172414
   4   2   4   2   0.492709491   0.225321579   0.465517241   0.155172414
   4   2   4   2   0.426514375   0.286865126   0.431034483   0.189655172
   4   2   4   2   0.436585816   0.241743317   0.500000000   0.189655172
   4   2   4   2   0.489346753   0.289194193   0.534482759   0.327586207
   4   2   4   2   0.410227920   0.223942546   0.362068966   0.189655172
   4   2   4   2   0.455704562   0.214943070   0.500000000   0.120689655
   4   2   4   2   0.417330313   0.201932152   0.396551724   0.189655172
   4   3   4   3   0.467522342   0.398673294   0.500000000   0.327586207
   4   3   4   3   0.420243424   0.373486382   0.396551724   0.293103448
   4   3   4   3   0.413974992   0.344805733   0.431034483   0.293103448
   4   3   4   3   0.448549433   0.325102089   0.465517241   0.293103448
   4   3   4   3   0.438049207   0.358146236   0.431034483   0.224137931
   4   3   4   3   0.440166539   0.397902440   0.431034483   0.362068966
   4   3   4   3   0.490808011   0.314876944   0.500000000   0.362068966
   4   3   4   3   0.401735895   0.322899216   0.396551724   0.258620690
   4   3   4   3   0.435571195   0.309771291   0.327586207   0.327586207
   4   3   4   3   0.466607124   0.308716587   0.431034483   0.258620690
   4   4   4   4   0.471109309   0.489139349   0.431034483   0.465517241
   4   4   4   4   0.403615930   0.461130310   0.465517241   0.465517241
   4   4   4   4   0.436265126   0.471090402   0.396551724   0.465517241
   4   4   4   4   0.495171807   0.498671160   0.500000000   0.396551724
   4   4   4   4   0.406670672   0.427812832   0.396551724   0.431034483
   4   4   4   4   0.467897785   0.423282012   0.465517241   0.327586207
   4   4   4   4   0.474785929   0.446656099   0.362068966   0.431034483
   4   4   4   4   0.488518733   0.466934082   0.465517241   0.362068966
   4   4   4   4   0.492396633   0.414307672   0.431034483   0.327586207
   4   4   4   4   0.428735612   0.493324303   0.431034483   0.500000000
   4   5   4   5   0.495590118   0.574668316   0.465517241   0.534482759
   4   5   4   5   0.431454635   0.515512302   0.500000000   0.568965517
   4   5   4   5   0.450640365   0.545294196   0.500000000   0.603448276
   4   5   4   5   0.417803417   0.585417227   0.396551724   0.534482759
   4   5   4   5   0.443203034   0.578713769   0.465517241   0.603448276
   4   5   4   5   0.477036355   0.595836360   0.603448276   0.637931034
   4   5   4   5   0.486117309   0.531609991   0.500000000   0.500000000
   4   5   4   5   0.405939718   0.520798471   0.362068966   0.500000000
   4   6   4   6   0.468004851   0.653798019   0.431034483   0.672413793
   4   6   4   6   0.421638265   0.665832838   0.396551724   0.637931034
   4   6   4   6   0.461644889   0.608746368   0.396551724   0.672413793
   4   6   4   6   0.485914842   0.614767618   0.500000000   0.637931034
   4   6   4   6   0.414223586   0.618347878   0.431034483   0.603448276
   4   6   4   6   0.415462163   0.642899391   0.362068966   0.603448276
   4   6   4   6   0.437139019   0.603450883   0.465517241   0.672413793
   4   7   4   7   0.430190189   0.754271647   0.431034483   0.741379310
   4   7   4   7   0.479636492   0.737198483   0.465517241   0.775862069
   4   7   4   7   0.439339831   0.776191559   0.396551724   0.775862069
   4   7   4   7   0.445586881   0.736434210   0.362068966   0.741379310
   4   7   4   7   0.457709004   0.753917750   0.362068966   0.706896552
   4   7   4   7   0.419334120   0.774930922   0.396551724   0.810344828
   4   7   4   7   0.408642496   0.732213164   0.431034483   0.706896552
   4   7   4   7   0.484947855   0.782299257   0.534482759   0.775862069
   4   7   4   7   0.488867191   0.715350429   0.534482759   0.706896552
   4   7   4   7   0.459543505   0.788634007   0.500000000   0.775862069
   4   8   4   8   0.419795727   0.857083217   0.465517241   0.844827586
   4   8   4   8   0.470087255   0.817725930   0.396551724   0.879310345
   4   8   4   8   0.467061404   0.839068909   0.534482759   0.879310345
   4   8   4   8   0.474582194   0.871091871   0.465517241   0.982758621
   4   8   4   8   0.437755358   0.871486912   0.465517241   0.913793103
   4   8   4   8   0.495701938   0.865027381   0.500000000   0.879310345
   4   8   4   8   0.435985105   0.804810211   0.465517241   0.741379310
   4   8   4   8   0.492661109   0.810822562   0.431034483   0.775862069
   4   8   4   8   0.406566408   0.838392868   0.293103448   0.948275862
   4   8   4   8   0.438954155   0.896455591   0.258620690   0.913793103
   4   9   4   9   0.445508455   0.924412439   0.431034483   0.913793103
   4   9   4   9   0.423791085   0.985167503   0.431034483   0.948275862
   4   9   4   9   0.457121329   0.963584889   0.465517241   0.948275862
   4   9   4   9   0.422635803   0.955462801   0.396551724   0.982758621
   4   9   4   9   0.461909860   0.904939253   0.396551724   0.913793103
   4   9   4   9   0.480346523   0.985498122   0.500000000   0.982758621
   4   9   4   9   0.416117569   0.936156077   0.396551724   0.948275862
   4   9   4   9   0.474011420   0.945986758   0.534482759   0.948275862
   4   9   4   9   0.402388357   0.913580316   0.362068966   0.913793103
   4   9   4   9   0.496806630   0.946247765   0.534482759   0.982758621
   5   0   5   0   0.579924345   0.026882487   0.603448276   0.086206897
   5   0   5   0   0.520566433   0.053989191   0.637931034   0.017241379
   5   0   5   0   0.545864566   0.043382889   0.672413793   0.017241379
   5   0   5   0   0.597757495   0.079516055   0.534482759   0.086206897
   5   0   5   0   0.550097457   0.063325841   0.568965517   0.086206897
   5   0   5   0   0.509442722   0.084354109   0.396551724   0.155172414
   5   0   5   0   0.594895149   0.099501737   0.637931034   0.155172414
   5   1   5   1   0.568165087   0.112366310   0.534482759   0.120689655
   5   1   5   1   0.544302789   0.169967574   0.534482759   0.155172414
   5   1   5   1   0.545100743   0.194379449   0.603448276   0.120689655
   5   1   5   1   0.546867225   0.148621871   0.603448276   0.155172414
   5   1   5   1   0.518225823   0.153393922   0.431034483   0.120689655
   5   1   5   1   0.583388354   0.154963625   0.637931034   0.189655172
   5   1   5   1   0.512490246   0.119044283   0.534482759   0.017241379
   5   1   5   1   0.595759123   0.137122847   0.672413793   0.189655172
   5   2   5   2   0.539408643   0.256785862   0.534482759   0.293103448
   5   2   5   2   0.531102509   0.231557375   0.534482759   0.189655172
   5   2   5   2   0.510192913   0.275000571   0.534482759   0.224137931
   5   2   5   2   0.590964039   0.214799770   0.568965517   0.189655172
   5   2   5   2   0.563851975   0.245393562   0.672413793   0.224137931
   5   2   5   2   0.521954445   0.296451492   0.603448276   0.327586207
   5   2   5   2   0.548994037   0.299245858   0.568965517   0.327586207
   5   3   5   3   0.538918297   0.332501537   0.568965517   0.362068966
   5   3   5   3   0.567295446   0.342525136   0.603448276   0.293103448
   5   3   5   3   0.510083284   0.376382701   0.568965517   0.431034483
   5   3   5   3   0.516113609   0.322549850   0.534482759   0.396551724
   5   3   5   3   0.581143410   0.377784117   0.603448276   0.431034483
   5   3   5   3   0.542644283   0.391742136   0.637931034   0.396551724
   5   4   5   4   0.567584128   0.449964038   0.534482759   0.431034483
   5   4   5   4   0.564887445   0.470988186   0.465517241   0.568965517
   5   4   5   4   0.552991421   0.432394800   0.568965517   0.396551724
   5   4   5   4   0.530397350   0.428935782   0.465517241   0.396551724
   5   4   5   4   0.565003557   0.412732665   0.603448276   0.362068966
   5   4   5   4   0.517567471   0.468723646   0.465517241   0.637931034
   5   4   5   4   0.510296327   0.446348443   0.500000000   0.431034483
   5   5   5   5   0.514258047   0.512940297   0.500000000   0.534482759
   5   5   5   5   0.538800532   0.572230559   0.568965517   0.500000000
   5   5   5   5   0.566999415   0.551727887   0.568965517   0.534482759
   5   5   5   5   0.533451094   0.543044736   0.568965517   0.568965517
   5   5   5   5   0.518751192   0.580772835   0.603448276   0.534482759
   5   5   5   5   0.580933496   0.566355188   0.568965517   0.465517241
   5   5   5   5   0.551395966   0.590925171   0.603448276   0.568965517
   5   5   5   5   0.512148538   0.542001471   0.534482759   0.568965517
   5   5   5   5   0.538110835   0.513769201   0.500000000   0.465517241
   5   5   5   5   0.597156609   0.502134502   0.603448276   0.500000000
   5   5   5   5   0.501994818   0.597006529   0.534482759   0.637931034
   5   5   5   5   0.581891720   0.591991321   0.603448276   0.603448276
   5   5   5   5   0.598102052   0.548803320   0.706896552   0.500000000
   5   6   5   6   0.555824145   0.640511240   0.534482759   0.603448276
   5   6   5   6   0.535949347   0.607985675   0.534482759   0.672413793
   5   6   5   6   0.574187551   0.660478343   0.637931034   0.672413793
   5   6   5   6   0.574972223   0.621131222   0.568965517   0.603448276
   5   6   5   6   0.529565407   0.662457250   0.500000000   0.672413793
   5   6   5   6   0.544468272   0.676296965   0.534482759   0.741379310
   5   6   5   6   0.504286633   0.642626338   0.603448276   0.706896552
   5   6   5   6   0.516525776   0.686075317   0.568965517   0.637931034
   5   7   5   7   0.547074725   0.732008168   0.568965517   0.775862069
   5   7   5   7   0.573827846   0.774009917   0.534482759   0.810344828
   5   7   5   7   0.587360248   0.742541340   0.500000000   0.706896552
   5   7   5   7   0.524367731   0.758663671   0.465517241   0.706896552
   5   7   5   7   0.546643201   0.756733327   0.465517241   0.810344828
   5   7   5   7   0.560490337   0.702518836   0.637931034   0.706896552
   5   7   5   7   0.577048137   0.795551947   0.603448276   0.810344828
   5   7   5   7   0.529420820   0.793669497   0.431034483   0.879310345
   5   7   5   7   0.500156474   0.739702140   0.500000000   0.741379310
   5   8   5   8   0.544848781   0.864554129   0.500000000   0.844827586
   5   8   5   8   0.547515637   0.838148967   0.500000000   0.810344828
   5   8   5   8   0.513604285   0.879387380   0.534482759   0.844827586
   5   8   5   8   0.582105149   0.850737327   0.568965517   0.879310345
   5   8   5   8   0.568586715   0.814749911   0.431034483   0.810344828
   5   8   5   8   0.578598392   0.895129496   0.603448276   0.913793103
   5   8   5   8   0.556800645   0.887900446   0.500000000   0.948275862
   5   8   5   8   0.586469079   0.876630630   0.568965517   0.844827586
   5   8   5   8   0.501882399   0.895865992   0.465517241   0.879310345
   5   9   5   9   0.551783570   0.914218851   0.534482759   0.913793103
   5   9   5   9   0.599761962   0.933813457   0.568965517   0.948275862
   5   9   5   9   0.508429572   0.928939161   0.603448276   0.982758621
   5   9   5   9   0.542734609   0.976363761   0.637931034   0.982758621
   5   9   5   9   0.512846630   0.971032857   0.431034483   0.982758621
   5   9   5   9   0.592721034   0.979594925   0.568965517   0.913793103
   5   9   5   9   0.531308068   0.905700081   0.500000000   0.913793103
   6   0   6   0   0.631249500   0.018732092   0.637931034   0.051724138
   6   0   6   0   0.659820862   0.068557744   0.672413793   0.051724138
   6   0   6   0   0.618445067   0.066990556   0.568965517   0.120689655
   6   0   6   0   0.639517267   0.067534223   0.637931034   0.086206897
   6   0   6   0   0.655956411   0.010655934   0.741379310   0.051724138
   6   0   6   0   0.684660095   0.014053588   0.706896552   0.017241379
   6   0   6   0   0.611640734   0.037713215   0.706896552   0.051724138
   6   0   6   0   0.666654280   0.091304312   0.775862069   0.120689655
   6   0   6   0   0.694128746   0.092141331   0.775862069   0.155172414
   6   0   6   0   0.643462223   0.094913488   0.672413793   0.120689655
   6   1   6   1   0.675181996   0.126723209   0.672413793   0.155172414
   6   1   6   1   0.658281520   0.153583047   0.706896552   0.155172414
   6   1   6   1   0.626344552   0.143812291   0.672413793   0.086206897
   6   1   6   1   0.643103875   0.198012209   0.637931034   0.258620690
   6   1   6   1   0.617400671   0.108026275   0.637931034   0.120689655
   6   2   6   2   0.623789122   0.236046724   0.603448276   0.189655172
   6   2   6   2   0.648250756   0.250557631   0.568965517   0.224137931
   6   2   6   2   0.672452636   0.221123049   0.706896552   0.189655172
   6   2   6   2   0.627587013   0.291256153   0.568965517   0.258620690
   6   2   6   2   0.605929224   0.282877470   0.534482759   0.258620690
   6   2   6   2   0.623236300   0.201340925   0.568965517   0.155172414
   6   2   6   2   0.655190662   0.299985446   0.672413793   0.258620690
   6   3   6   3   0.642658142   0.391267852   0.672413793   0.362068966
   6   3   6   3   0.632350238   0.329841972   0.603448276   0.258620690
   6   3   6   3   0.651632171   0.345390820   0.637931034   0.293103448
   6   3   6   3   0.672038764   0.335030423   0.706896552   0.293103448
   6   3   6   3   0.625567924   0.352000715   0.568965517   0.293103448
   6   3   6   3   0.691492863   0.345181087   0.741379310   0.258620690
   6   3   6   3   0.613948841   0.317095384   0.534482759   0.362068966
   6   3   6   3   0.686043390   0.320720083   0.672413793   0.293103448
   6   3   6   3   0.697882776   0.383317634   0.741379310   0.362068966
   6   3   6   3   0.608720499   0.394569738   0.534482759   0.500000000
   6   3   6   3   0.662765511   0.391642322   0.741379310   0.327586207
   6   4   6   4   0.664748776   0.422108470   0.603448276   0.465517241
   6   4   6   4   0.641517805   0.489091740   0.637931034   0.431034483
   6   4   6   4   0.653816708   0.464344715   0.706896552   0.431034483
   6   4   6   4   0.688677868   0.463425896   0.672413793   0.431034483
   6   4   6   4   0.629981653   0.435388621   0.637931034   0.362068966
   6   4   6   4   0.666404733   0.447538550   0.672413793   0.396551724
   6   4   6   4   0.682067349   0.432424778   0.741379310   0.396551724
   6   4   6   4   0.618161290   0.490110175   0.603448276   0.396551724
   6   4   6   4   0.689217473   0.487538868   0.637931034   0.500000000
   6   4   6   4   0.600331005   0.427906886   0.534482759   0.534482759
   6   5   6   5   0.618940515   0.526419044   0.637931034   0.534482759
   6   5   6   5   0.620867094   0.592239814   0.672413793   0.534482759
   6   5   6   5   0.679302015   0.544078235   0.741379310   0.534482759
   6   5   6   5   0.639333118   0.572171595   0.637931034   0.465517241
   6   5   6   5   0.641073968   0.514162273   0.741379310   0.465517241
   6   5   6   5   0.677313504   0.569234638   0.741379310   0.637931034
   6   5   6   5   0.688620820   0.516656222   0.706896552   0.465517241
   6   5   6   5   0.688671549   0.593547520   0.706896552   0.637931034
   6   5   6   5   0.662747459   0.502770676   0.672413793   0.500000000
   6   5   6   5   0.612785161   0.571865822   0.706896552   0.534482759
   6   6   6   6   0.616447254   0.614616911   0.637931034   0.637931034
   6   6   6   6   0.610265867   0.646761654   0.672413793   0.603448276
   6   6   6   6   0.632228752   0.691144476   0.637931034   0.603448276
   6   6   6   6   0.681608985   0.667860281   0.741379310   0.603448276
   6   6   6   6   0.643513958   0.637862310   0.706896552   0.741379310
   6   6   6   6   0.674164501   0.649283165   0.672413793   0.568965517
   6   6   6   6   0.622916916   0.664681980   0.568965517   0.672413793
   6   6   6   6   0.693368532   0.699985959   0.603448276   0.672413793
   6   7   6   7   0.642190604   0.711546764   0.637931034   0.775862069
   6   7   6   7   0.600309614   0.776977475   0.672413793   0.844827586
   6   7   6   7   0.685356595   0.748539499   0.672413793   0.741379310
   6   7   6   7   0.636315497   0.784098823   0.568965517   0.706896552
   6   7   6   7   0.602172031   0.725017645   0.672413793   0.672413793
   6   7   6   7   0.670120385   0.728806617   0.672413793   0.775862069
   6   7   6   7   0.616476981   0.754802679   0.568965517   0.741379310
   6   7   6   7   0.688527276   0.790693484   0.706896552   0.706896552
   6   8   6   8   0.668516263   0.884733181   0.603448276   0.844827586
   6   8   6   8   0.611362484   0.845634843   0.637931034   0.810344828
   6   8   6   8   0.653627196   0.864856622   0.637931034   0.879310345
   6   8   6   8   0.674147935   0.854271113   0.706896552   0.810344828
   6   8   6   8   0.687327191   0.813559602   0.741379310   0.844827586
   6   8   6   8   0.672490227   0.830435273   0.637931034   0.741379310
   6   8   6   8   0.623339140   0.864235729   0.637931034   0.844827586
   6   8   6   8   0.620590281   0.891200430   0.672413793   0.913793103
   6   8   6   8   0.653657691   0.808892313   0.603448276   0.741379310
   6   8   6   8   0.648387577   0.884396391   0.637931034   0.913793103
   6   8   6   8   0.624235585   0.801423647   0.603448276   0.775862069
   6   8   6   8   0.600914156   0.826344687   0.568965517   0.810344828
   6   9   6   9   0.690345536   0.989180304   0.603448276   0.948275862
   6   9   6   9   0.633766725   0.955213770   0.672413793   0.948275862
   6   9   6   9   0.661986977   0.954876589   0.568965517   0.982758621
   6   9   6   9   0.656035550   0.928937864   0.637931034   0.948275862
   6   9   6   9   0.623357478   0.981521789   0.603448276   0.879310345
   6   9   6   9   0.685464162   0.904139661   0.741379310   0.982758621
   6   9   6   9   0.677501007   0.935073746   0.775862069   0.948275862
   7   0   7   0   0.707537814   0.052711507   0.741379310   0.017241379
   7   0   7   0   0.774171220   0.078173124   0.741379310   0.086206897
   7   0   7   0   0.774860981   0.018002433   0.775862069   0.017241379
   7   0   7   0   0.759543713   0.036827336   0.775862069   0.051724138
   7   0   7   0   0.743791689   0.070406054   0.706896552   0.120689655
   7   0   7   0   0.778809474   0.053541907   0.810344828   0.051724138
   7   0   7   0   0.793077736   0.030965067   0.810344828   0.017241379
   7   0   7   0   0.799230492   0.058220833   0.810344828   0.086206897
   7   0   7   0   0.721352710   0.074011674   0.706896552   0.086206897
   7   1   7   1   0.761105106   0.150796460   0.741379310   0.155172414
   7   1   7   1   0.723265237   0.107456053   0.775862069   0.189655172
   7   1   7   1   0.733789871   0.172119824   0.844827586   0.120689655
   7   1   7   1   0.719474278   0.155462399   0.741379310   0.189655172
   7   1   7   1   0.775505621   0.127021257   0.810344828   0.120689655
   7   1   7   1   0.768207077   0.176998115   0.706896552   0.258620690
   7   1   7   1   0.791579346   0.179658746   0.879310345   0.293103448
   7   1   7   1   0.704118761   0.173239469   0.637931034   0.224137931
   7   2   7   2   0.748767683   0.200634649   0.741379310   0.224137931
   7   2   7   2   0.760803167   0.247661694   0.775862069   0.258620690
   7   2   7   2   0.723925697   0.280140019   0.810344828   0.189655172
   7   2   7   2   0.777190566   0.219855102   0.672413793   0.327586207
   7   2   7   2   0.783215283   0.261968680   0.810344828   0.293103448
   7   2   7   2   0.719411196   0.250551935   0.775862069   0.224137931
   7   2   7   2   0.790343043   0.296965800   0.775862069   0.327586207
   7   2   7   2   0.704659681   0.267058030   0.603448276   0.224137931
   7   2   7   2   0.769530483   0.296286873   0.775862069   0.362068966
   7   3   7   3   0.769423437   0.373477465   0.741379310   0.293103448
   7   3   7   3   0.718877734   0.343542719   0.775862069   0.293103448
   7   3   7   3   0.739928442   0.330269515   0.810344828   0.362068966
   7   3   7   3   0.764794417   0.351606740   0.810344828   0.327586207
   7   3   7   3   0.707068031   0.364723513   0.637931034   0.327586207
   7   3   7   3   0.738312975   0.309073457   0.706896552   0.327586207
   7   3   7   3   0.712646953   0.314064443   0.706896552   0.224137931
   7   3   7   3   0.791546823   0.382224299   0.741379310   0.431034483
   7   3   7   3   0.791663340   0.358986120   0.844827586   0.327586207
   7   4   7   4   0.776307267   0.444545162   0.775862069   0.431034483
   7   4   7   4   0.735730261   0.424755829   0.775862069   0.465517241
   7   4   7   4   0.717536760   0.472746781   0.706896552   0.362068966
   7   4   7   4   0.729643584   0.449092167   0.775862069   0.396551724
   7   4   7   4   0.717435113   0.402729686   0.810344828   0.396551724
   7   4   7   4   0.780817464   0.494433996   0.810344828   0.465517241
   7   5   7   5   0.707987628   0.558930478   0.706896552   0.568965517
   7   5   7   5   0.754163238   0.556763048   0.741379310   0.500000000
   7   5   7   5   0.739552803   0.527181417   0.741379310   0.568965517
   7   5   7   5   0.774322949   0.580089866   0.810344828   0.534482759
   7   5   7   5   0.735027468   0.581028437   0.706896552   0.603448276
   7   5   7   5   0.713102497   0.590815404   0.706896552   0.672413793
   7   5   7   5   0.741212587   0.501557796   0.706896552   0.396551724
   7   5   7   5   0.710388359   0.503574442   0.672413793   0.465517241
   7   6   7   6   0.750061376   0.646672298   0.775862069   0.603448276
   7   6   7   6   0.746632664   0.605276978   0.672413793   0.637931034
   7   6   7   6   0.729526274   0.670216408   0.672413793   0.706896552
   7   6   7   6   0.760162885   0.628124167   0.741379310   0.672413793
   7   6   7   6   0.719568539   0.689059306   0.775862069   0.741379310
   7   6   7   6   0.703081407   0.676320853   0.637931034   0.568965517
   7   6   7   6   0.781786260   0.600524324   0.775862069   0.500000000
   7   7   7   7   0.756376463   0.781435404   0.741379310   0.775862069
   7   7   7   7   0.727024008   0.748469503   0.741379310   0.810344828
   7   7   7   7   0.783036604   0.754179965   0.775862069   0.844827586
   7   7   7   7   0.791047004   0.776964833   0.775862069   0.775862069
   7   7   7   7   0.750754616   0.747807787   0.810344828   0.741379310
   7   7   7   7   0.710315653   0.759575980   0.706896552   0.844827586
   7   7   7   7   0.730732268   0.721418747   0.775862069   0.672413793
   7   7   7   7   0.784758136   0.710332933   0.741379310   0.706896552
   7   8   7   8   0.712324732   0.857272576   0.706896552   0.913793103
   7   8   7   8   0.741306673   0.860407420   0.672413793   0.879310345
   7   8   7   8   0.778007150   0.850291013   0.741379310   0.948275862
   7   8   7   8   0.759836047   0.834056400   0.810344828   0.913793103
   7   8   7   8   0.709173246   0.821477341   0.810344828   0.844827586
   7   8   7   8   0.724531112   0.897412044   0.672413793   0.810344828
   7   8   7   8   0.758499750   0.814075959   0.810344828   0.775862069
   7   8   7   8   0.732596686   0.800709888   0.706896552   0.775862069
   7   9   7   9   0.759277109   0.977033915   0.706896552   0.982758621
   7   9   7   9   0.785499664   0.976966035   0.706896552   0.948275862
   7   9   7   9   0.761290488   0.941762593   0.844827586   0.948275862
   7   9   7   9   0.764073786   0.910304738   0.706896552   0.879310345
   7   9   7   9   0.785001895   0.927174117   0.775862069   0.879310345
   7   9   7   9   0.734723008   0.969199093   0.672413793   0.982758621
   7   9   7   9   0.781676074   0.953394818   0.879310345   0.913793103
   8   0   8   0   0.818686605   0.046530034   0.844827586   0.017241379
   8   0   8   0   0.828514340   0.014302999   0.879310345   0.051724138
   8   0   8   0   0.835780982   0.057791202   0.879310345   0.086206897
   8   0   8   0   0.843506752   0.031390979   0.879310345   0.017241379
   8   0   8   0   0.856985409   0.090950717   0.948275862   0.120689655
   8   0   8   0   0.836281145   0.088941737   0.810344828   0.155172414
   8   0   8   0   0.889382610   0.076527780   0.948275862   0.017241379
   8   1   8   1   0.845719574   0.153057722   0.913793103   0.120689655
   8   1   8   1   0.889662182   0.152863461   0.879310345   0.120689655
   8   1   8   1   0.848094423   0.129616964   0.913793103   0.086206897
   8   1   8   1   0.814910012   0.166339635   0.741379310   0.120689655
   8   1   8   1   0.808232151   0.113304037   0.844827586   0.086206897
   8   2   8   2   0.851396552   0.268251436   0.810344828   0.224137931
   8   2   8   2   0.857327700   0.244414139   0.844827586   0.258620690
   8   2   8   2   0.839298873   0.285559984   0.810344828   0.258620690
   8   2   8   2   0.821863132   0.203160890   0.913793103   0.155172414
   8   2   8   2   0.876798705   0.251466811   0.879310345   0.155172414
   8   2   8   2   0.841071274   0.214770612   0.844827586   0.155172414
   8   2   8   2   0.803469107   0.219052237   0.775862069   0.086206897
   8   2   8   2   0.814789257   0.299800071   0.844827586   0.189655172
   8   3   8   3   0.840404324   0.314373680   0.913793103   0.293103448
   8   3   8   3   0.845018505   0.342789825   0.879310345   0.396551724
   8   3   8   3   0.863358520   0.370131217   0.844827586   0.362068966
   8   3   8   3   0.894769036   0.342270089   0.879310345   0.327586207
   8   3   8   3   0.808911785   0.322805835   0.879310345   0.362068966
   8   3   8   3   0.870264992   0.333269848   0.844827586   0.293103448
   8   3   8   3   0.818557953   0.387915342   0.844827586   0.396551724
   8   3   8   3   0.842143377   0.369458266   0.913793103   0.396551724
   8   3   8   3   0.883394023   0.371541020   0.948275862   0.327586207
   8   3   8   3   0.865315303   0.310134016   0.879310345   0.224137931
   8   4   8   4   0.806993877   0.411475209   0.844827586   0.431034483
   8   4   8   4   0.870561105   0.473028569   0.844827586   0.465517241
   8   4   8   4   0.864068261   0.415104887   0.879310345   0.431034483
   8   4   8   4   0.821911923   0.465046426   0.844827586   0.500000000
   8   4   8   4   0.807654289   0.479786940   0.810344828   0.431034483
   8   4   8   4   0.885674699   0.491019876   0.913793103   0.362068966
   8   4   8   4   0.845390339   0.489404277   0.844827586   0.534482759
   8   4   8   4   0.825584487   0.497756805   0.879310345   0.465517241
   8   5   8   5   0.803213211   0.506952684   0.879310345   0.534482759
   8   5   8   5   0.888243619   0.534116043   0.879310345   0.568965517
   8   5   8   5   0.822677018   0.551485990   0.775862069   0.568965517
   8   5   8   5   0.843556559   0.509489623   0.775862069   0.637931034
   8   5   8   5   0.816631491   0.579416929   0.810344828   0.603448276
   8   5   8   5   0.893637413   0.596915328   0.844827586   0.672413793
   8   5   8   5   0.867164209   0.531556376   0.913793103   0.500000000
   8   5   8   5   0.826887320   0.529130617   0.810344828   0.500000000
   8   5   8   5   0.893540645   0.512527570   0.879310345   0.500000000
   8   6   8   6   0.841090995   0.628735964   0.810344828   0.637931034
   8   6   8   6   0.831661236   0.660509241   0.775862069   0.706896552
   8   6   8   6   0.856701592   0.656069325   0.844827586   0.637931034
   8   6   8   6   0.871819705   0.674304754   0.913793103   0.741379310
   8   6   8   6   0.818169714   0.633081370   0.810344828   0.568965517
   8   6   8   6   0.875620378   0.625218084   0.982758621   0.568965517
   8   6   8   6   0.813139221   0.699460951   0.844827586   0.706896552
   8   6   8   6   0.825711490   0.600220198   0.844827586   0.568965517
   8   6   8   6   0.804067408   0.651030022   0.741379310   0.741379310
   8   6   8   6   0.808196390   0.614294689   0.775862069   0.534482759
   8   7   8   7   0.885125120   0.774370789   0.810344828   0.706896552
   8   7   8   7   0.809949598   0.765836978   0.844827586   0.741379310
   8   7   8   7   0.810204908   0.721173481   0.879310345   0.741379310
   8   7   8   7   0.866007804   0.765951698   0.879310345   0.775862069
   8   7   8   7   0.838605755   0.747967000   0.810344828   0.672413793
   8   7   8   7   0.874983907   0.721408463   0.948275862   0.672413793
   8   7   8   7   0.889876398   0.745429789   0.913793103   0.706896552
   8   7   8   7   0.879611857   0.797443321   0.810344828   0.810344828
   8   8   8   8   0.804137503   0.823118350   0.844827586   0.844827586
   8   8   8   8   0.833621566   0.816561272   0.879310345   0.879310345
   8   8   8   8   0.844096894   0.836161076   0.844827586   0.913793103
   8   8   8   8   0.878318756   0.839297609   0.913793103   0.775862069
   8   8   8   8   0.827331689   0.886366529   0.810344828   0.879310345
   8   8   8   8   0.811971732   0.843573347   0.775862069   0.810344828
   8   8   8   8   0.853765783   0.892460238   0.879310345   0.844827586
   8   8   8   8   0.850088816   0.804676848   0.844827586   0.810344828
   8   9   8   9   0.827903462   0.936239941   0.810344828   0.948275862
   8   9   8   9   0.827510127   0.989933368   0.810344828   0.982758621
   8   9   8   9   0.847593979   0.927671173   0.844827586   0.982758621
   8   9   8   9   0.877140653   0.980047525   0.913793103   0.982758621
   8   9   8   9   0.859409357   0.961673021   0.775862069   0.913793103
   8   9   8   9   0.866920299   0.918245322   0.879310345   0.948275862
   8   9   8   9   0.807612600   0.987484232   0.775862069   0.982758621
   8   9   8   9   0.810243237   0.915707663   0.741379310   0.879310345
   8   9   8   9   0.888352897   0.928029911   0.913793103   0.879310345
   8   9   8   9   0.895974555   0.971640837   0.913793103   0.913793103
   8   9   8   9   0.809581190   0.963602861   0.741379310   0.913793103
   9   0   9   0   0.972019550   0.037025548   0.948275862   0.086206897
   9   0   9   0   0.975234414   0.010477836   0.982758621   0.051724138
   9   0   9   0   0.919579997   0.056101991   0.982758621   0.086206897
   9   0   9   0   0.936149724   0.012346359   0.982758621   0.017241379
   9   0   9   0   0.912642103   0.081675239   0.948275862   0.051724138
   9   0   9   0   0.940299887   0.032044741   0.948275862   0.155172414
   9   0   9   0   0.907028493   0.040503283   0.913793103   0.017241379
   9   0   9   0   0.956894390   0.078108292   0.913793103   0.051724138
   9   1   9   1   0.964427408   0.163206403   0.982758621   0.120689655
   9   1   9   1   0.978498818   0.130285617   0.982758621   0.155172414
   9   1   9   1   0.946567683   0.172321155   0.982758621   0.189655172
   9   1   9   1   0.926467738   0.148078449   0.844827586   0.051724138
   9   1   9   1   0.962347298   0.184714167   0.913793103   0.189655172
   9   2   9   2   0.972245909   0.254696715   0.913793103   0.224137931
   9   2   9   2   0.947305249   0.231321639   0.913793103   0.258620690
   9   2   9   2   0.958044094   0.269210975   0.948275862   0.258620690
   9   2   9   2   0.978767702   0.232720772   0.982758621   0.258620690
   9   2   9   2   0.987796788   0.282999948   0.879310345   0.258620690
   9   2   9   2   0.904594230   0.213140707   0.879310345   0.189655172
   9   2   9   2   0.907036821   0.272046246   0.844827586   0.224137931
   9   2   9   2   0.945731202   0.204584056   0.982758621   0.224137931
   9   2   9   2   0.970277278   0.296735720   0.948275862   0.224137931
   9   3   9   3   0.919643712   0.377159877   0.948275862   0.362068966
   9   3   9   3   0.983788039   0.350407151   0.982758621   0.327586207
   9   3   9   3   0.911630284   0.358176821   0.948275862   0.293103448
   9   3   9   3   0.944815567   0.326925247   0.982758621   0.293103448
   9   3   9   3   0.932046723   0.360182112   0.948275862   0.431034483
   9   3   9   3   0.974210627   0.326561932   0.948275862   0.189655172
   9   3   9   3   0.942422631   0.391021615   0.948275862   0.396551724
   9   4   9   4   0.957131173   0.451525892   0.948275862   0.465517241
   9   4   9   4   0.916404820   0.477965145   0.982758621   0.431034483
   9   4   9   4   0.988464863   0.468979754   0.982758621   0.465517241
   9   4   9   4   0.950821190   0.425805594   0.913793103   0.327586207
   9   4   9   4   0.915596973   0.415475881   0.913793103   0.465517241
   9   4   9   4   0.932866075   0.446295214   0.913793103   0.431034483
   9   4   9   4   0.967412748   0.480705811   0.982758621   0.396551724
   9   4   9   4   0.989454566   0.446230667   0.982758621   0.362068966
   9   5   9   5   0.977707138   0.550176608   0.948275862   0.568965517
   9   5   9   5   0.945637530   0.550769312   0.982758621   0.534482759
   9   5   9   5   0.968940849   0.521955958   0.948275862   0.603448276
   9   5   9   5   0.924457467   0.521738669   0.982758621   0.500000000
   9   5   9   5   0.983504368   0.572089273   0.982758621   0.637931034
   9   5   9   5   0.911149430   0.541576047   0.948275862   0.534482759
   9   5   9   5   0.918121074   0.566680923   0.948275862   0.500000000
   9   5   9   5   0.937759332   0.501693950   0.913793103   0.534482759
   9   5   9   5   0.922400033   0.599072815   0.879310345   0.603448276
   9   6   9   6   0.931943929   0.657373290   0.913793103   0.672413793
   9   6   9   6   0.985170652   0.600466987   0.982758621   0.603448276
   9   6   9   6   0.983951996   0.670975086   0.982758621   0.672413793
   9   6   9   6   0.921937731   0.624635526   0.913793103   0.637931034
   9   6   9   6   0.983557822   0.650734470   0.844827586   0.603448276
   9   6   9   6   0.943943845   0.698548125   0.879310345   0.637931034
   9   6   9   6   0.946105253   0.639582730   0.913793103   0.568965517
   9   6   9   6   0.903039207   0.684474867   0.948275862   0.637931034
   9   6   9   6   0.910604546   0.641657774   0.913793103   0.603448276
   9   7   9   7   0.922220414   0.719329686   0.948275862   0.706896552
   9   7   9   7   0.957525932   0.740250739   0.982758621   0.741379310
   9   7   9   7   0.986431628   0.756439332   0.982758621   0.775862069
   9   7   9   7   0.959923611   0.768706481   0.982758621   0.810344828
   9   7   9   7   0.902140653   0.708700986   0.948275862   0.741379310
   9   7   9   7   0.988542499   0.784973066   0.948275862   0.810344828
   9   7   9   7   0.945017536   0.718638711   0.982758621   0.706896552
   9   7   9   7   0.960668877   0.797242847   0.948275862   0.844827586
   9   7   9   7   0.903954266   0.781224652   0.879310345   0.672413793
   9   7   9   7   0.975181195   0.702774776   0.879310345   0.706896552
   9   8   9   8   0.962934815   0.854034661   0.913793103   0.844827586
   9   8   9   8   0.978785706   0.814765694   0.982758621   0.844827586
   9   8   9   8   0.943638872   0.843475850   0.982758621   0.879310345
   9   8   9   8   0.977990126   0.867691342   0.913793103   0.810344828
   9   8   9   8   0.965638582   0.895747218   0.844827586   0.879310345
   9   8   9   8   0.927814159   0.855999015   0.879310345   0.982758621
   9   8   9   8   0.905593859   0.812530541   0.844827586   0.775862069
   9   8   9   8   0.942317594   0.877755454   0.948275862   0.913793103
   9   8   9   8   0.930600536   0.810053593   0.948275862   0.775862069
   9   8   9   8   0.905308394   0.860851684   0.879310345   0.810344828
   9   9   9   9   0.934993137   0.929168152   0.948275862   0.948275862
   9   9   9   9   0.955228869   0.973223685   0.948275862   0.982758621
   9   9   9   9   0.930711450   0.966556224   0.982758621   0.913793103
   9   9   9   9   0.927917526   0.989043762   0.982758621   0.948275862
   9   9   9   9   0.985884105   0.964249202   0.982758621   0.982758621
   9   9   9   9   0.907945263   0.946181671   0.913793103   0.948275862
   9   9   9   9   0.986101708   0.920533702   0.948275862   0.879310345
