# ix  iyhoodxhoody             x             y         x_org         y_org
   0   0   0   0   0.026692718   0.071434932   0.017241379   0.017241379
   0   0   0   0   0.013412466   0.010564710   0.017241379   0.051724138
   0   0   0   0   0.050997002   0.036694881   0.051724138   0.051724138
   0   0   0   0   0.037941961   0.053015890   0.051724138   0.086206897
   0   0   0   0   0.081961394   0.017544849   0.155172414   0.051724138
   0   0   0   0   0.094840010   0.050852630   0.086206897   0.086206897
   0   0   0   0   0.070811964   0.059460544   0.051724138   0.120689655
   0   0   0   0   0.061566166   0.083404936   0.086206897   0.051724138
   0   1   0   1   0.058889433   0.108484007   0.017241379   0.120689655
   0   1   0   1   0.053480225   0.133601270   0.017241379   0.155172414
   0   1   0   1   0.010957500   0.152533792   0.017241379   0.189655172
   0   1   0   1   0.012591088   0.127722137   0.017241379   0.086206897
   0   1   0   1   0.078225351   0.126065455   0.224137931   0.120689655
   0   1   0   1   0.064596863   0.158701519   0.051724138   0.189655172
   0   1   0   1   0.016416248   0.189629225   0.051724138   0.258620690
   0   1   0   1   0.091910821   0.153202560   0.189655172   0.189655172
   0   1   0   1   0.057756379   0.187225228   0.086206897   0.258620690
   0   1   0   1   0.036938679   0.107542839   0.051724138   0.155172414
   0   1   0   1   0.091464260   0.105521345   0.086206897   0.155172414
   0   2   0   2   0.051479740   0.259065347   0.017241379   0.224137931
   0   2   0   2   0.043612191   0.232555240   0.120689655   0.258620690
   0   2   0   2   0.097285153   0.238926145   0.120689655   0.189655172
   0   2   0   2   0.065531044   0.242428582   0.017241379   0.327586207
   0   2   0   2   0.070353374   0.222952519   0.051724138   0.224137931
   0   2   0   2   0.081124277   0.258455928   0.155172414   0.431034483
   0   2   0   2   0.067598340   0.287658580   0.086206897   0.396551724
   0   2   0   2   0.093070607   0.275276905   0.051724138   0.293103448
   0   2   0   2   0.099927280   0.203231238   0.120689655   0.327586207
   0   3   0   3   0.030516612   0.327836886   0.086206897   0.362068966
   0   3   0   3   0.057234744   0.374748062   0.155172414   0.362068966
   0   3   0   3   0.039219814   0.350568919   0.051724138   0.362068966
   0   3   0   3   0.037073675   0.387463516   0.086206897   0.431034483
   0   3   0   3   0.061160811   0.333269885   0.017241379   0.293103448
   0   3   0   3   0.078061390   0.321624540   0.120689655   0.396551724
   0   3   0   3   0.083607888   0.376917969   0.051724138   0.327586207
   0   4   0   4   0.038424860   0.411742920   0.017241379   0.431034483
   0   4   0   4   0.014842488   0.431424037   0.017241379   0.465517241
   0   4   0   4   0.049959454   0.472786632   0.051724138   0.396551724
   0   4   0   4   0.072801376   0.427984737   0.120689655   0.431034483
   0   4   0   4   0.090382829   0.402277332   0.086206897   0.327586207
   0   4   0   4   0.097380844   0.478751744   0.155172414   0.534482759
   0   5   0   5   0.012346700   0.528391081   0.017241379   0.534482759
   0   5   0   5   0.092029330   0.569988174   0.086206897   0.534482759
   0   5   0   5   0.010925694   0.587096424   0.051724138   0.465517241
   0   5   0   5   0.039890862   0.556595720   0.051724138   0.431034483
   0   5   0   5   0.021798658   0.503286284   0.051724138   0.500000000
   0   5   0   5   0.076317351   0.507958442   0.017241379   0.500000000
   0   5   0   5   0.061469119   0.557174135   0.017241379   0.568965517
   0   6   0   6   0.048055986   0.634835150   0.017241379   0.672413793
   0   6   0   6   0.011450664   0.668868331   0.051724138   0.672413793
   0   6   0   6   0.057435123   0.611313693   0.017241379   0.637931034
   0   6   0   6   0.010248031   0.632767471   0.017241379   0.741379310
   0   6   0   6   0.065743276   0.673331359   0.017241379   0.706896552
   0   6   0   6   0.022023449   0.613680271   0.017241379   0.603448276
   0   6   0   6   0.092784961   0.617764264   0.051724138   0.603448276
   0   7   0   7   0.094000064   0.781806034   0.017241379   0.775862069
   0   7   0   7   0.022681452   0.734176799   0.051724138   0.741379310
   0   7   0   7   0.010681006   0.716744405   0.051724138   0.775862069
   0   7   0   7   0.044733784   0.789449535   0.120689655   0.741379310
   0   7   0   7   0.023878326   0.799890461   0.120689655   0.706896552
   0   7   0   7   0.054337015   0.760274168   0.120689655   0.637931034
   0   7   0   7   0.093384655   0.745665230   0.120689655   0.672413793
   0   7   0   7   0.086611363   0.721981949   0.086206897   0.672413793
   0   7   0   7   0.046249913   0.720202278   0.086206897   0.706896552
   0   7   0   7   0.079857940   0.796320657   0.120689655   0.810344828
   0   8   0   8   0.043378012   0.867379877   0.017241379   0.810344828
   0   8   0   8   0.062234958   0.859456110   0.017241379   0.844827586
   0   8   0   8   0.050326239   0.895495309   0.051724138   0.879310345
   0   8   0   8   0.075662437   0.841837009   0.051724138   0.810344828
   0   8   0   8   0.014599930   0.854745136   0.086206897   0.741379310
   0   8   0   8   0.094389527   0.815310313   0.120689655   0.879310345
   0   8   0   8   0.098412108   0.844690079   0.189655172   0.810344828
   0   9   0   9   0.084819443   0.965506050   0.017241379   0.948275862
   0   9   0   9   0.033516894   0.965640476   0.017241379   0.982758621
   0   9   0   9   0.056979944   0.972753266   0.051724138   0.948275862
   0   9   0   9   0.093239025   0.936646981   0.051724138   0.913793103
   0   9   0   9   0.055504584   0.947722927   0.017241379   0.879310345
   0   9   0   9   0.037917700   0.928748150   0.086206897   0.844827586
   0   9   0   9   0.015810999   0.901373950   0.017241379   0.913793103
   1   0   1   0   0.156395851   0.071927416   0.120689655   0.017241379
   1   0   1   0   0.181940799   0.054059285   0.120689655   0.051724138
   1   0   1   0   0.174807667   0.010490436   0.155172414   0.017241379
   1   0   1   0   0.199923427   0.023921487   0.189655172   0.017241379
   1   0   1   0   0.119793854   0.013103655   0.051724138   0.017241379
   1   0   1   0   0.187437813   0.087357470   0.120689655   0.155172414
   1   0   1   0   0.167631916   0.039696547   0.086206897   0.120689655
   1   0   1   0   0.136695523   0.059866766   0.086206897   0.189655172
   1   0   1   0   0.103625096   0.032714242   0.086206897   0.017241379
   1   0   1   0   0.122866266   0.092622867   0.155172414   0.155172414
   1   1   1   1   0.130310603   0.155487608   0.120689655   0.224137931
   1   1   1   1   0.155593560   0.138789204   0.155172414   0.189655172
   1   1   1   1   0.129260458   0.190549860   0.155172414   0.224137931
   1   1   1   1   0.150858534   0.179614458   0.293103448   0.051724138
   1   1   1   1   0.179951254   0.113570222   0.224137931   0.155172414
   1   1   1   1   0.188757641   0.143937277   0.155172414   0.086206897
   1   1   1   1   0.148138016   0.103067377   0.189655172   0.224137931
   1   2   1   2   0.150446114   0.244471785   0.086206897   0.224137931
   1   2   1   2   0.127144013   0.239114906   0.189655172   0.155172414
   1   2   1   2   0.184052718   0.261083832   0.120689655   0.293103448
   1   2   1   2   0.178253621   0.234536327   0.258620690   0.258620690
   1   2   1   2   0.143673058   0.283923103   0.120689655   0.362068966
   1   2   1   2   0.171593602   0.280026852   0.224137931   0.189655172
   1   2   1   2   0.153923594   0.208242539   0.189655172   0.086206897
   1   3   1   3   0.133760233   0.369685906   0.155172414   0.258620690
   1   3   1   3   0.101662052   0.367253528   0.017241379   0.258620690
   1   3   1   3   0.155767688   0.306990934   0.224137931   0.293103448
   1   3   1   3   0.192911758   0.341559795   0.155172414   0.293103448
   1   3   1   3   0.142590284   0.329532337   0.086206897   0.293103448
   1   3   1   3   0.176426684   0.314447442   0.224137931   0.327586207
   1   3   1   3   0.118682942   0.391503663   0.189655172   0.431034483
   1   3   1   3   0.124532749   0.317139872   0.017241379   0.362068966
   1   4   1   4   0.155294844   0.451819557   0.120689655   0.465517241
   1   4   1   4   0.187703767   0.485477402   0.155172414   0.465517241
   1   4   1   4   0.103793747   0.417578502   0.086206897   0.500000000
   1   4   1   4   0.148483540   0.421944358   0.258620690   0.465517241
   1   4   1   4   0.132722853   0.469807033   0.086206897   0.568965517
   1   4   1   4   0.177969110   0.407150848   0.224137931   0.534482759
   1   4   1   4   0.146923533   0.485135539   0.120689655   0.500000000
   1   4   1   4   0.117783097   0.453627732   0.086206897   0.465517241
   1   4   1   4   0.143200651   0.402344838   0.189655172   0.327586207
   1   5   1   5   0.118586290   0.563869447   0.086206897   0.603448276
   1   5   1   5   0.170062138   0.502410262   0.189655172   0.500000000
   1   5   1   5   0.145940306   0.574459146   0.051724138   0.534482759
   1   5   1   5   0.150742467   0.543543614   0.120689655   0.534482759
   1   5   1   5   0.191984217   0.538228660   0.189655172   0.534482759
   1   5   1   5   0.110431847   0.529561493   0.017241379   0.396551724
   1   5   1   5   0.188521644   0.514903921   0.224137931   0.465517241
   1   5   1   5   0.185626792   0.581312078   0.120689655   0.603448276
   1   5   1   5   0.198407268   0.561478692   0.224137931   0.603448276
   1   6   1   6   0.163794276   0.696117110   0.155172414   0.603448276
   1   6   1   6   0.140439975   0.676015562   0.189655172   0.672413793
   1   6   1   6   0.179220990   0.620255376   0.155172414   0.706896552
   1   6   1   6   0.159900761   0.634183748   0.051724138   0.637931034
   1   6   1   6   0.157899302   0.661355862   0.086206897   0.637931034
   1   6   1   6   0.182310874   0.664577721   0.155172414   0.637931034
   1   6   1   6   0.135445659   0.641143172   0.120689655   0.568965517
   1   6   1   6   0.132107241   0.608166962   0.051724138   0.568965517
   1   6   1   6   0.105156998   0.654653645   0.051724138   0.706896552
   1   7   1   7   0.132733401   0.747497382   0.155172414   0.741379310
   1   7   1   7   0.195439100   0.751656049   0.155172414   0.810344828
   1   7   1   7   0.172851949   0.750930761   0.086206897   0.775862069
   1   7   1   7   0.138018135   0.718527728   0.224137931   0.810344828
   1   7   1   7   0.114349851   0.730114203   0.189655172   0.844827586
   1   7   1   7   0.149433146   0.770026694   0.155172414   0.879310345
   1   7   1   7   0.196202368   0.784150283   0.224137931   0.741379310
   1   7   1   7   0.140637042   0.795829016   0.120689655   0.775862069
   1   7   1   7   0.154825203   0.733234403   0.155172414   0.844827586
   1   7   1   7   0.183524736   0.728908620   0.224137931   0.775862069
   1   7   1   7   0.181595519   0.708867769   0.155172414   0.775862069
   1   7   1   7   0.122258505   0.701039696   0.155172414   0.672413793
   1   8   1   8   0.147594177   0.846928169   0.086206897   0.879310345
   1   8   1   8   0.166821143   0.881612444   0.086206897   0.948275862
   1   8   1   8   0.195864061   0.881120568   0.224137931   0.879310345
   1   8   1   8   0.184033519   0.803119108   0.258620690   0.741379310
   1   8   1   8   0.151796399   0.898368431   0.120689655   0.913793103
   1   9   1   9   0.160349449   0.984155387   0.155172414   0.982758621
   1   9   1   9   0.185955276   0.988340639   0.189655172   0.982758621
   1   9   1   9   0.189328009   0.930764614   0.189655172   0.879310345
   1   9   1   9   0.143856816   0.923782600   0.086206897   0.913793103
   1   9   1   9   0.131772233   0.957945803   0.120689655   0.982758621
   1   9   1   9   0.114231119   0.934565022   0.086206897   0.810344828
   1   9   1   9   0.108695175   0.966698858   0.086206897   0.982758621
   1   9   1   9   0.183056120   0.900589766   0.155172414   0.913793103
   1   9   1   9   0.115943341   0.988992102   0.051724138   0.982758621
   1   9   1   9   0.100972086   0.917744378   0.051724138   0.844827586
   1   9   1   9   0.198738127   0.966209669   0.120689655   0.948275862
   2   0   2   0   0.294664758   0.044659791   0.224137931   0.051724138
   2   0   2   0   0.263046995   0.019457307   0.258620690   0.086206897
   2   0   2   0   0.222603972   0.034726124   0.120689655   0.086206897
   2   0   2   0   0.280900430   0.029572344   0.120689655   0.120689655
   2   0   2   0   0.204269333   0.049397617   0.155172414   0.120689655
   2   0   2   0   0.245711532   0.065727521   0.293103448   0.120689655
   2   0   2   0   0.235024318   0.016303644   0.189655172   0.051724138
   2   0   2   0   0.238635025   0.095031942   0.362068966   0.258620690
   2   1   2   1   0.232526586   0.173331280   0.258620690   0.120689655
   2   1   2   1   0.274140336   0.177296847   0.293103448   0.189655172
   2   1   2   1   0.259346511   0.105521665   0.327586207   0.086206897
   2   1   2   1   0.207812676   0.114500656   0.327586207   0.051724138
   2   1   2   1   0.277083371   0.124269404   0.362068966   0.051724138
   2   1   2   1   0.204104228   0.186715840   0.258620690   0.155172414
   2   1   2   1   0.279970135   0.196703332   0.293103448   0.258620690
   2   1   2   1   0.294021119   0.102228672   0.293103448   0.017241379
   2   2   2   2   0.296413211   0.238956624   0.224137931   0.224137931
   2   2   2   2   0.271493035   0.257459558   0.189655172   0.120689655
   2   2   2   2   0.276911757   0.222234174   0.258620690   0.224137931
   2   2   2   2   0.281057262   0.287935371   0.258620690   0.293103448
   2   2   2   2   0.221453341   0.268465716   0.189655172   0.293103448
   2   2   2   2   0.252552517   0.268145875   0.293103448   0.327586207
   2   2   2   2   0.224604403   0.228543885   0.293103448   0.155172414
   2   2   2   2   0.201290116   0.278289495   0.224137931   0.258620690
   2   2   2   2   0.249066380   0.214831773   0.327586207   0.120689655
   2   2   2   2   0.231707788   0.204867759   0.327586207   0.189655172
   2   2   2   2   0.203483746   0.236282882   0.224137931   0.086206897
   2   3   2   3   0.210033573   0.321360959   0.293103448   0.362068966
   2   3   2   3   0.226468914   0.352692242   0.155172414   0.327586207
   2   3   2   3   0.247620876   0.348292708   0.224137931   0.431034483
   2   3   2   3   0.250338314   0.379413782   0.189655172   0.362068966
   2   3   2   3   0.272085889   0.374314242   0.362068966   0.396551724
   2   3   2   3   0.230471323   0.391608148   0.189655172   0.396551724
   2   3   2   3   0.286342273   0.318800617   0.327586207   0.396551724
   2   3   2   3   0.203214020   0.386646780   0.189655172   0.465517241
   2   3   2   3   0.216451127   0.302302346   0.327586207   0.258620690
   2   4   2   4   0.271598404   0.428154526   0.293103448   0.431034483
   2   4   2   4   0.213093287   0.437595653   0.258620690   0.362068966
   2   4   2   4   0.205976870   0.476978336   0.362068966   0.465517241
   2   4   2   4   0.254084249   0.451251438   0.224137931   0.396551724
   2   4   2   4   0.278233707   0.455849324   0.258620690   0.500000000
   2   4   2   4   0.230769615   0.448453031   0.258620690   0.603448276
   2   4   2   4   0.218277482   0.408355214   0.189655172   0.258620690
   2   4   2   4   0.292652604   0.411897147   0.155172414   0.396551724
   2   4   2   4   0.297643526   0.431632513   0.258620690   0.396551724
   2   5   2   5   0.248049168   0.546006284   0.224137931   0.500000000
   2   5   2   5   0.269955393   0.552562071   0.293103448   0.637931034
   2   5   2   5   0.249927047   0.569769288   0.224137931   0.637931034
   2   5   2   5   0.216413401   0.525189397   0.293103448   0.500000000
   2   5   2   5   0.247265972   0.594802187   0.155172414   0.568965517
   2   5   2   5   0.225895088   0.584717768   0.155172414   0.500000000
   2   5   2   5   0.280721716   0.577908485   0.465517241   0.500000000
   2   5   2   5   0.290491930   0.532631298   0.327586207   0.500000000
   2   5   2   5   0.210073091   0.503791907   0.293103448   0.465517241
   2   5   2   5   0.293625805   0.599224474   0.224137931   0.706896552
   2   6   2   6   0.277876060   0.643856704   0.258620690   0.637931034
   2   6   2   6   0.233437931   0.635601444   0.189655172   0.603448276
   2   6   2   6   0.297558304   0.676173844   0.258620690   0.672413793
   2   6   2   6   0.203042328   0.630006973   0.189655172   0.637931034
   2   6   2   6   0.296250288   0.651796033   0.327586207   0.741379310
   2   6   2   6   0.271165663   0.607944433   0.258620690   0.568965517
   2   6   2   6   0.205521086   0.660435417   0.189655172   0.568965517
   2   6   2   6   0.232223683   0.696995120   0.189655172   0.706896552
   2   6   2   6   0.263656313   0.699651007   0.258620690   0.706896552
   2   7   2   7   0.222265139   0.745455311   0.293103448   0.741379310
   2   7   2   7   0.274079012   0.735245089   0.189655172   0.775862069
   2   7   2   7   0.252852523   0.756756376   0.224137931   0.672413793
   2   7   2   7   0.240771575   0.737107793   0.224137931   0.568965517
   2   7   2   7   0.211812262   0.768479583   0.258620690   0.844827586
   2   7   2   7   0.233015855   0.771032611   0.327586207   0.810344828
   2   7   2   7   0.286668409   0.719134160   0.327586207   0.672413793
   2   8   2   8   0.253672954   0.846098332   0.224137931   0.844827586
   2   8   2   8   0.290967279   0.898410572   0.293103448   0.810344828
   2   8   2   8   0.235851747   0.803373244   0.293103448   0.706896552
   2   8   2   8   0.218396960   0.880359787   0.120689655   0.844827586
   2   9   2   9   0.234196254   0.986414137   0.224137931   0.948275862
   2   9   2   9   0.253492459   0.963067243   0.224137931   0.982758621
   2   9   2   9   0.276138587   0.965545482   0.293103448   0.844827586
   2   9   2   9   0.228559731   0.936862070   0.224137931   0.913793103
   2   9   2   9   0.213715903   0.980076017   0.155172414   0.948275862
   2   9   2   9   0.216346272   0.912586444   0.189655172   0.913793103
   2   9   2   9   0.257326350   0.982899719   0.293103448   0.913793103
   2   9   2   9   0.258175406   0.923286480   0.258620690   0.879310345
   2   9   2   9   0.299016673   0.982876341   0.293103448   0.982758621
   2   9   2   9   0.239660576   0.906169829   0.258620690   0.948275862
   2   9   2   9   0.274304334   0.936899282   0.327586207   0.982758621
   3   0   3   0   0.345949635   0.017121781   0.396551724   0.017241379
   3   0   3   0   0.371357362   0.081598800   0.396551724   0.051724138
   3   0   3   0   0.303834611   0.078405504   0.396551724   0.086206897
   3   0   3   0   0.342348446   0.040794593   0.224137931   0.017241379
   3   0   3   0   0.330955578   0.073996904   0.465517241   0.120689655
   3   0   3   0   0.373797318   0.010600004   0.465517241   0.051724138
   3   0   3   0   0.323534841   0.011530681   0.258620690   0.051724138
   3   0   3   0   0.300752279   0.025598612   0.258620690   0.017241379
   3   1   3   1   0.396321475   0.190942060   0.362068966   0.120689655
   3   1   3   1   0.344144957   0.183540501   0.362068966   0.086206897
   3   1   3   1   0.375629878   0.187198959   0.362068966   0.017241379
   3   1   3   1   0.315224405   0.169136471   0.293103448   0.224137931
   3   1   3   1   0.307050758   0.121344585   0.465517241   0.017241379
   3   1   3   1   0.322957103   0.148431319   0.362068966   0.224137931
   3   1   3   1   0.354650861   0.154135691   0.500000000   0.051724138
   3   1   3   1   0.392883145   0.134537908   0.431034483   0.017241379
   3   1   3   1   0.358962268   0.127223711   0.293103448   0.086206897
   3   1   3   1   0.306221951   0.199240917   0.258620690   0.189655172
   3   1   3   1   0.395387609   0.156831492   0.500000000   0.155172414
   3   1   3   1   0.328905268   0.114737133   0.327586207   0.017241379
   3   2   3   2   0.386374522   0.213912122   0.362068966   0.293103448
   3   2   3   2   0.323476272   0.215496565   0.396551724   0.224137931
   3   2   3   2   0.338731958   0.231634215   0.362068966   0.327586207
   3   2   3   2   0.364000182   0.278308522   0.362068966   0.155172414
   3   2   3   2   0.306444051   0.260582167   0.258620690   0.327586207
   3   2   3   2   0.357836143   0.209525014   0.327586207   0.155172414
   3   2   3   2   0.361649906   0.250408681   0.431034483   0.155172414
   3   2   3   2   0.334227539   0.270452196   0.293103448   0.293103448
   3   2   3   2   0.387325200   0.240966316   0.362068966   0.189655172
   3   2   3   2   0.395740623   0.266481319   0.465517241   0.258620690
   3   2   3   2   0.308663260   0.299782282   0.500000000   0.258620690
   3   3   3   3   0.320488303   0.359384416   0.396551724   0.327586207
   3   3   3   3   0.384602204   0.303081838   0.396551724   0.362068966
   3   3   3   3   0.388278848   0.342652762   0.327586207   0.362068966
   3   3   3   3   0.341608707   0.351824845   0.224137931   0.362068966
   3   3   3   3   0.322703174   0.379410601   0.431034483   0.431034483
   3   3   3   3   0.369304264   0.388905192   0.534482759   0.465517241
   3   3   3   3   0.384456358   0.362719559   0.327586207   0.293103448
   3   3   3   3   0.339709515   0.317504446   0.327586207   0.224137931
   3   3   3   3   0.399799806   0.377741283   0.396551724   0.293103448
   3   4   3   4   0.399215686   0.472854686   0.327586207   0.465517241
   3   4   3   4   0.375758876   0.443548358   0.431034483   0.396551724
   3   4   3   4   0.346979901   0.459051562   0.293103448   0.534482759
   3   4   3   4   0.355792417   0.435475829   0.465517241   0.431034483
   3   4   3   4   0.318637605   0.415592085   0.362068966   0.362068966
   3   4   3   4   0.389733285   0.497997921   0.465517241   0.465517241
   3   4   3   4   0.306459443   0.487944584   0.258620690   0.431034483
   3   4   3   4   0.344024422   0.494184196   0.293103448   0.396551724
   3   5   3   5   0.306528866   0.552345560   0.396551724   0.568965517
   3   5   3   5   0.372662338   0.542264835   0.327586207   0.534482759
   3   5   3   5   0.356849379   0.563006198   0.431034483   0.534482759
   3   5   3   5   0.313848247   0.520532112   0.327586207   0.431034483
   3   5   3   5   0.336636990   0.577554685   0.362068966   0.637931034
   3   5   3   5   0.365341787   0.514686604   0.396551724   0.396551724
   3   5   3   5   0.309395082   0.579789851   0.327586207   0.603448276
   3   5   3   5   0.389918734   0.561868681   0.362068966   0.500000000
   3   6   3   6   0.369723016   0.652450992   0.327586207   0.568965517
   3   6   3   6   0.362272258   0.697734706   0.293103448   0.603448276
   3   6   3   6   0.331574981   0.659452872   0.258620690   0.534482759
   3   6   3   6   0.308447752   0.697126512   0.293103448   0.672413793
   3   6   3   6   0.322339866   0.613589219   0.327586207   0.637931034
   3   6   3   6   0.390613566   0.634991815   0.431034483   0.568965517
   3   6   3   6   0.344692424   0.642622622   0.362068966   0.534482759
   3   6   3   6   0.385729864   0.604214838   0.293103448   0.568965517
   3   6   3   6   0.351182082   0.611709402   0.362068966   0.568965517
   3   6   3   6   0.399294325   0.661988685   0.396551724   0.603448276
   3   7   3   7   0.326223240   0.766608549   0.362068966   0.775862069
   3   7   3   7   0.353972397   0.727296511   0.293103448   0.775862069
   3   7   3   7   0.304609439   0.741992010   0.258620690   0.775862069
   3   7   3   7   0.373341307   0.792112305   0.362068966   0.672413793
   3   7   3   7   0.350233304   0.750169140   0.362068966   0.879310345
   3   7   3   7   0.386267647   0.754891251   0.396551724   0.741379310
   3   7   3   7   0.395274604   0.706476766   0.396551724   0.706896552
   3   7   3   7   0.392458456   0.781043738   0.431034483   0.844827586
   3   7   3   7   0.347491348   0.799020620   0.396551724   0.844827586
   3   8   3   8   0.368228097   0.821223026   0.327586207   0.879310345
   3   8   3   8   0.395533070   0.828077555   0.293103448   0.879310345
   3   8   3   8   0.309017658   0.859580101   0.327586207   0.775862069
   3   8   3   8   0.348942776   0.855806222   0.327586207   0.913793103
   3   8   3   8   0.333248868   0.875194165   0.258620690   0.810344828
   3   8   3   8   0.322548147   0.841361955   0.362068966   0.810344828
   3   8   3   8   0.364838536   0.889725031   0.189655172   0.948275862
   3   8   3   8   0.380521241   0.860085136   0.362068966   0.913793103
   3   8   3   8   0.335318296   0.820369880   0.327586207   0.706896552
   3   8   3   8   0.392694109   0.802903167   0.293103448   0.948275862
   3   8   3   8   0.301843029   0.803749469   0.189655172   0.741379310
   3   9   3   9   0.355476566   0.955704803   0.327586207   0.948275862
   3   9   3   9   0.360543708   0.981176122   0.362068966   0.948275862
   3   9   3   9   0.339980483   0.900968031   0.362068966   0.844827586
   3   9   3   9   0.324220313   0.976071823   0.258620690   0.982758621
   3   9   3   9   0.355834617   0.925805815   0.362068966   0.982758621
   3   9   3   9   0.320428947   0.915636622   0.327586207   0.844827586
   3   9   3   9   0.392044949   0.903844762   0.396551724   0.948275862
   4   0   4   0   0.415259581   0.041469536   0.500000000   0.017241379
   4   0   4   0   0.400558111   0.080976291   0.568965517   0.051724138
   4   0   4   0   0.448206964   0.041024489   0.603448276   0.051724138
   4   0   4   0   0.444398001   0.017430302   0.568965517   0.017241379
   4   0   4   0   0.437307696   0.086039401   0.465517241   0.086206897
   4   0   4   0   0.489211003   0.095745231   0.534482759   0.017241379
   4   0   4   0   0.495688152   0.041442225   0.672413793   0.017241379
   4   1   4   1   0.467324398   0.178014403   0.431034483   0.086206897
   4   1   4   1   0.424831761   0.181424375   0.431034483   0.051724138
   4   1   4   1   0.416660638   0.136342893   0.500000000   0.086206897
   4   1   4   1   0.487244288   0.159893247   0.465517241   0.224137931
   4   1   4   1   0.413699854   0.104457088   0.396551724   0.120689655
   4   2   4   2   0.423484878   0.278981795   0.500000000   0.293103448
   4   2   4   2   0.467921004   0.296556584   0.500000000   0.224137931
   4   2   4   2   0.478367714   0.251205771   0.465517241   0.189655172
   4   2   4   2   0.401448116   0.291548203   0.431034483   0.189655172
   4   2   4   2   0.447756506   0.244029960   0.500000000   0.189655172
   4   2   4   2   0.468942931   0.229279565   0.500000000   0.120689655
   4   2   4   2   0.407526263   0.207570586   0.396551724   0.189655172
   4   2   4   2   0.480161784   0.280720162   0.534482759   0.327586207
   4   2   4   2   0.435510180   0.297669556   0.327586207   0.327586207
   4   3   4   3   0.454571712   0.325436923   0.431034483   0.293103448
   4   3   4   3   0.488123758   0.315036880   0.465517241   0.293103448
   4   3   4   3   0.471902030   0.391797824   0.431034483   0.224137931
   4   3   4   3   0.410417073   0.347253262   0.396551724   0.258620690
   4   3   4   3   0.499133135   0.339372257   0.431034483   0.258620690
   4   3   4   3   0.492025258   0.388482175   0.568965517   0.431034483
   4   3   4   3   0.423618204   0.396652079   0.431034483   0.362068966
   4   4   4   4   0.436369530   0.479815513   0.431034483   0.465517241
   4   4   4   4   0.449029958   0.424691622   0.396551724   0.465517241
   4   4   4   4   0.425656386   0.436256427   0.396551724   0.431034483
   4   4   4   4   0.490784159   0.421028961   0.465517241   0.327586207
   4   4   4   4   0.459880036   0.442291913   0.362068966   0.431034483
   4   4   4   4   0.450678065   0.460853767   0.431034483   0.500000000
   4   4   4   4   0.467602316   0.411717636   0.500000000   0.327586207
   4   5   4   5   0.468590507   0.537122388   0.465517241   0.534482759
   4   5   4   5   0.420215809   0.510507251   0.500000000   0.568965517
   4   5   4   5   0.414547222   0.537674508   0.500000000   0.603448276
   4   5   4   5   0.409520343   0.586198833   0.396551724   0.534482759
   4   5   4   5   0.454333901   0.577600005   0.465517241   0.603448276
   4   5   4   5   0.454932389   0.517841647   0.500000000   0.500000000
   4   5   4   5   0.400838519   0.515642385   0.396551724   0.500000000
   4   5   4   5   0.484512483   0.569088581   0.534482759   0.637931034
   4   5   4   5   0.496203484   0.508677645   0.568965517   0.568965517
   4   6   4   6   0.466776026   0.691230059   0.431034483   0.672413793
   4   6   4   6   0.456435033   0.628002365   0.396551724   0.672413793
   4   6   4   6   0.448829587   0.662137549   0.500000000   0.637931034
   4   6   4   6   0.416820057   0.617512880   0.431034483   0.603448276
   4   6   4   6   0.416123838   0.641774557   0.362068966   0.603448276
   4   6   4   6   0.463685345   0.605770863   0.465517241   0.672413793
   4   6   4   6   0.425920660   0.664975702   0.431034483   0.637931034
   4   6   4   6   0.490628190   0.653816848   0.568965517   0.637931034
   4   6   4   6   0.488928623   0.622884839   0.603448276   0.706896552
   4   7   4   7   0.434298267   0.746751540   0.431034483   0.741379310
   4   7   4   7   0.463401717   0.760884389   0.465517241   0.775862069
   4   7   4   7   0.426369703   0.786596662   0.396551724   0.775862069
   4   7   4   7   0.490007577   0.713809561   0.362068966   0.741379310
   4   7   4   7   0.443959019   0.775813052   0.362068966   0.706896552
   4   7   4   7   0.412691315   0.749312410   0.396551724   0.810344828
   4   7   4   7   0.420367709   0.723505888   0.431034483   0.706896552
   4   7   4   7   0.489200752   0.772106833   0.534482759   0.775862069
   4   7   4   7   0.468620005   0.793281765   0.500000000   0.775862069
   4   7   4   7   0.457809354   0.719969252   0.396551724   0.637931034
   4   8   4   8   0.433338651   0.844815882   0.465517241   0.844827586
   4   8   4   8   0.481983646   0.843152471   0.396551724   0.879310345
   4   8   4   8   0.461106238   0.812474303   0.465517241   0.913793103
   4   8   4   8   0.437281261   0.820044681   0.465517241   0.741379310
   4   8   4   8   0.400122422   0.866205247   0.258620690   0.913793103
   4   8   4   8   0.487298677   0.883399161   0.396551724   0.913793103
   4   8   4   8   0.457884604   0.884511809   0.431034483   0.913793103
   4   8   4   8   0.499540867   0.801054047   0.431034483   0.775862069
   4   9   4   9   0.472319663   0.981710165   0.465517241   0.948275862
   4   9   4   9   0.411225616   0.969829335   0.396551724   0.982758621
   4   9   4   9   0.415850006   0.941480789   0.534482759   0.948275862
   4   9   4   9   0.458266158   0.939869093   0.534482759   0.982758621
   4   9   4   9   0.451718073   0.912386493   0.603448276   0.982758621
   4   9   4   9   0.475929552   0.923923485   0.500000000   0.913793103
   4   9   4   9   0.433505265   0.984250778   0.431034483   0.948275862
   5   0   5   0   0.585646187   0.016388651   0.603448276   0.086206897
   5   0   5   0   0.534296101   0.040371984   0.637931034   0.017241379
   5   0   5   0   0.579641790   0.074978660   0.534482759   0.086206897
   5   0   5   0   0.562184550   0.055177894   0.568965517   0.086206897
   5   0   5   0   0.544183115   0.082946094   0.396551724   0.155172414
   5   0   5   0   0.513348129   0.069765848   0.603448276   0.017241379
   5   1   5   1   0.567106057   0.114926964   0.534482759   0.120689655
   5   1   5   1   0.504167422   0.172765086   0.534482759   0.155172414
   5   1   5   1   0.550052514   0.133438170   0.603448276   0.155172414
   5   1   5   1   0.521189813   0.157678390   0.431034483   0.120689655
   5   1   5   1   0.560717169   0.151044520   0.637931034   0.189655172
   5   1   5   1   0.582628048   0.182148458   0.672413793   0.189655172
   5   1   5   1   0.592853512   0.100565900   0.637931034   0.155172414
   5   1   5   1   0.516031293   0.106910756   0.534482759   0.051724138
   5   2   5   2   0.531596158   0.223123248   0.534482759   0.293103448
   5   2   5   2   0.570912876   0.243172637   0.534482759   0.189655172
   5   2   5   2   0.550496571   0.248793937   0.534482759   0.224137931
   5   2   5   2   0.518481654   0.270784489   0.568965517   0.327586207
   5   2   5   2   0.567640024   0.296712348   0.534482759   0.258620690
   5   2   5   2   0.503946413   0.231488118   0.465517241   0.155172414
   5   2   5   2   0.542394571   0.202431470   0.603448276   0.120689655
   5   3   5   3   0.550271183   0.330286183   0.568965517   0.362068966
   5   3   5   3   0.538757301   0.359725312   0.603448276   0.293103448
   5   3   5   3   0.520907308   0.334710183   0.534482759   0.396551724
   5   3   5   3   0.530802394   0.383936850   0.603448276   0.431034483
   5   3   5   3   0.512317493   0.364221505   0.637931034   0.396551724
   5   3   5   3   0.510189620   0.315855964   0.500000000   0.362068966
   5   3   5   3   0.594752489   0.326015365   0.534482759   0.362068966
   5   3   5   3   0.528540591   0.304309610   0.603448276   0.327586207
   5   3   5   3   0.513269091   0.396968853   0.431034483   0.327586207
   5   3   5   3   0.585172758   0.381703054   0.534482759   0.500000000
   5   3   5   3   0.552655117   0.395368532   0.603448276   0.362068966
   5   3   5   3   0.594124805   0.399597447   0.672413793   0.362068966
   5   4   5   4   0.575548973   0.469335754   0.534482759   0.431034483
   5   4   5   4   0.570024466   0.498730895   0.465517241   0.568965517
   5   4   5   4   0.570344558   0.407983674   0.568965517   0.396551724
   5   4   5   4   0.547322791   0.442679428   0.465517241   0.396551724
   5   4   5   4   0.557840860   0.459915622   0.465517241   0.637931034
   5   4   5   4   0.545185891   0.419069524   0.500000000   0.431034483
   5   4   5   4   0.526236087   0.471936600   0.500000000   0.396551724
   5   4   5   4   0.525147569   0.449678233   0.465517241   0.362068966
   5   4   5   4   0.596287697   0.449040554   0.534482759   0.534482759
   5   5   5   5   0.556953545   0.538216528   0.568965517   0.500000000
   5   5   5   5   0.577731042   0.540318567   0.568965517   0.534482759
   5   5   5   5   0.564203674   0.566129428   0.603448276   0.534482759
   5   5   5   5   0.593167828   0.573201422   0.568965517   0.465517241
   5   5   5   5   0.533976321   0.531771530   0.534482759   0.568965517
   5   5   5   5   0.579162784   0.516599295   0.500000000   0.465517241
   5   5   5   5   0.517397175   0.566918217   0.603448276   0.637931034
   5   5   5   5   0.594922105   0.598789763   0.603448276   0.603448276
   5   5   5   5   0.502980663   0.546879046   0.500000000   0.534482759
   5   5   5   5   0.599729794   0.552809950   0.706896552   0.500000000
   5   6   5   6   0.501414992   0.671545410   0.534482759   0.603448276
   5   6   5   6   0.516554600   0.624980314   0.534482759   0.672413793
   5   6   5   6   0.532400050   0.645194899   0.568965517   0.603448276
   5   6   5   6   0.519263516   0.681117265   0.534482759   0.741379310
   5   6   5   6   0.546854151   0.613109069   0.603448276   0.568965517
   5   6   5   6   0.571247910   0.680385429   0.637931034   0.706896552
   5   6   5   6   0.597324884   0.647044595   0.637931034   0.637931034
   5   6   5   6   0.599116008   0.683745774   0.637931034   0.672413793
   5   7   5   7   0.534726532   0.724588321   0.568965517   0.775862069
   5   7   5   7   0.593262612   0.749774251   0.534482759   0.810344828
   5   7   5   7   0.582276665   0.767070490   0.465517241   0.706896552
   5   7   5   7   0.545954170   0.752701585   0.465517241   0.810344828
   5   7   5   7   0.595082739   0.786552027   0.603448276   0.810344828
   5   7   5   7   0.517710967   0.754045193   0.500000000   0.741379310
   5   7   5   7   0.590046013   0.727620132   0.672413793   0.672413793
   5   7   5   7   0.568368733   0.797997501   0.431034483   0.879310345
   5   7   5   7   0.587888638   0.701943356   0.637931034   0.603448276
   5   7   5   7   0.506697622   0.729878993   0.534482759   0.706896552
   5   7   5   7   0.513064715   0.705979830   0.500000000   0.672413793
   5   8   5   8   0.568094044   0.870533119   0.500000000   0.844827586
   5   8   5   8   0.549048583   0.824933365   0.500000000   0.810344828
   5   8   5   8   0.540223933   0.843377597   0.534482759   0.844827586
   5   8   5   8   0.581404543   0.848610788   0.568965517   0.879310345
   5   8   5   8   0.582689166   0.818803959   0.431034483   0.810344828
   5   8   5   8   0.537030926   0.884354863   0.500000000   0.948275862
   5   8   5   8   0.571605711   0.891042991   0.568965517   0.844827586
   5   8   5   8   0.506253130   0.893993468   0.465517241   0.879310345
   5   8   5   8   0.502444197   0.820861554   0.534482759   0.879310345
   5   8   5   8   0.506435850   0.843995666   0.500000000   0.879310345
   5   8   5   8   0.519044721   0.871605391   0.465517241   0.982758621
   5   9   5   9   0.541900054   0.938126308   0.534482759   0.913793103
   5   9   5   9   0.542505236   0.973198029   0.637931034   0.982758621
   5   9   5   9   0.514167726   0.921914885   0.431034483   0.982758621
   5   9   5   9   0.568834319   0.973771061   0.568965517   0.913793103
   5   9   5   9   0.575058977   0.910858726   0.603448276   0.913793103
   5   9   5   9   0.575641215   0.949252423   0.568965517   0.948275862
   5   9   5   9   0.522663665   0.964472784   0.500000000   0.982758621
   6   0   6   0   0.606430580   0.010254563   0.637931034   0.051724138
   6   0   6   0   0.663722864   0.037157743   0.672413793   0.051724138
   6   0   6   0   0.601831120   0.068235326   0.568965517   0.120689655
   6   0   6   0   0.643234477   0.064419302   0.637931034   0.086206897
   6   0   6   0   0.657464015   0.011014098   0.741379310   0.051724138
   6   0   6   0   0.681218216   0.017582313   0.706896552   0.017241379
   6   0   6   0   0.624460603   0.043893099   0.706896552   0.051724138
   6   0   6   0   0.671825185   0.060759340   0.775862069   0.120689655
   6   0   6   0   0.692813365   0.091176641   0.775862069   0.155172414
   6   0   6   0   0.618620558   0.082384510   0.672413793   0.120689655
   6   0   6   0   0.660149949   0.077476274   0.672413793   0.155172414
   6   1   6   1   0.664487720   0.101342549   0.706896552   0.155172414
   6   1   6   1   0.642021018   0.130169496   0.672413793   0.086206897
   6   1   6   1   0.681051017   0.186183997   0.637931034   0.258620690
   6   1   6   1   0.670413945   0.135753642   0.637931034   0.224137931
   6   1   6   1   0.697723467   0.117449540   0.775862069   0.189655172
   6   1   6   1   0.669192992   0.162721220   0.741379310   0.189655172
   6   1   6   1   0.624779607   0.119278139   0.637931034   0.120689655
   6   2   6   2   0.623899057   0.237517598   0.603448276   0.189655172
   6   2   6   2   0.649002470   0.262045431   0.568965517   0.224137931
   6   2   6   2   0.627674693   0.216717428   0.568965517   0.155172414
   6   2   6   2   0.666320337   0.290399441   0.672413793   0.258620690
   6   2   6   2   0.690603482   0.292840224   0.706896552   0.293103448
   6   2   6   2   0.605086876   0.207516001   0.568965517   0.189655172
   6   2   6   2   0.607816579   0.270076818   0.672413793   0.224137931
   6   2   6   2   0.697950907   0.260797492   0.603448276   0.224137931
   6   3   6   3   0.637705089   0.326160143   0.603448276   0.258620690
   6   3   6   3   0.662518598   0.323842443   0.637931034   0.293103448
   6   3   6   3   0.687083190   0.388433709   0.741379310   0.258620690
   6   3   6   3   0.636640430   0.379508467   0.741379310   0.327586207
   6   3   6   3   0.637781034   0.301829805   0.568965517   0.258620690
   6   3   6   3   0.614315127   0.366106799   0.568965517   0.293103448
   6   4   6   4   0.646399037   0.416480337   0.603448276   0.465517241
   6   4   6   4   0.624717803   0.484321114   0.637931034   0.431034483
   6   4   6   4   0.651501377   0.466934180   0.706896552   0.431034483
   6   4   6   4   0.629019516   0.436697126   0.637931034   0.362068966
   6   4   6   4   0.699279608   0.466656805   0.672413793   0.396551724
   6   4   6   4   0.626212385   0.460565576   0.603448276   0.396551724
   6   4   6   4   0.680373578   0.478429283   0.637931034   0.500000000
   6   4   6   4   0.678025069   0.408503771   0.741379310   0.362068966
   6   5   6   5   0.624986280   0.548833645   0.637931034   0.534482759
   6   5   6   5   0.618105446   0.575848139   0.672413793   0.534482759
   6   5   6   5   0.662852288   0.547390168   0.741379310   0.534482759
   6   5   6   5   0.638595635   0.520190610   0.741379310   0.465517241
   6   5   6   5   0.671889192   0.518783329   0.706896552   0.465517241
   6   5   6   5   0.620037903   0.508680047   0.603448276   0.500000000
   6   5   6   5   0.657191434   0.500589795   0.672413793   0.500000000
   6   6   6   6   0.623795959   0.667347904   0.672413793   0.603448276
   6   6   6   6   0.672679094   0.687499764   0.741379310   0.603448276
   6   6   6   6   0.627421244   0.647478561   0.706896552   0.741379310
   6   6   6   6   0.668370658   0.647578252   0.672413793   0.568965517
   6   6   6   6   0.648444721   0.669833178   0.568965517   0.672413793
   6   6   6   6   0.654758773   0.628989732   0.637931034   0.465517241
   6   6   6   6   0.669540337   0.611460375   0.706896552   0.637931034
   6   6   6   6   0.644130290   0.692034431   0.672413793   0.775862069
   6   6   6   6   0.697025892   0.650664402   0.775862069   0.603448276
   6   6   6   6   0.699839591   0.609618367   0.741379310   0.637931034
   6   6   6   6   0.634852866   0.616079370   0.706896552   0.534482759
   6   7   6   7   0.617338267   0.728576299   0.637931034   0.775862069
   6   7   6   7   0.637821124   0.768783203   0.568965517   0.706896552
   6   7   6   7   0.655854346   0.714390283   0.568965517   0.741379310
   6   7   6   7   0.682495501   0.749838479   0.706896552   0.706896552
   6   7   6   7   0.680448749   0.723230502   0.603448276   0.672413793
   6   7   6   7   0.676020844   0.778475504   0.741379310   0.844827586
   6   7   6   7   0.615961251   0.763329872   0.500000000   0.706896552
   6   7   6   7   0.632871731   0.796895683   0.672413793   0.844827586
   6   7   6   7   0.698846903   0.788737476   0.706896552   0.775862069
   6   7   6   7   0.657363118   0.799384457   0.603448276   0.741379310
   6   8   6   8   0.625504728   0.838886102   0.637931034   0.810344828
   6   8   6   8   0.626493725   0.865604915   0.637931034   0.879310345
   6   8   6   8   0.658444043   0.833786633   0.706896552   0.810344828
   6   8   6   8   0.612382593   0.897621575   0.637931034   0.844827586
   6   8   6   8   0.686217701   0.876740909   0.637931034   0.913793103
   6   8   6   8   0.629701381   0.818670704   0.603448276   0.775862069
   6   8   6   8   0.607887916   0.805991762   0.568965517   0.810344828
   6   8   6   8   0.688110085   0.814974632   0.637931034   0.741379310
   6   9   6   9   0.681212425   0.947911243   0.603448276   0.948275862
   6   9   6   9   0.631113889   0.984102557   0.672413793   0.948275862
   6   9   6   9   0.687618692   0.907192013   0.568965517   0.982758621
   6   9   6   9   0.605432148   0.936931114   0.672413793   0.913793103
   6   9   6   9   0.605136299   0.981522050   0.603448276   0.879310345
   6   9   6   9   0.650820219   0.909319191   0.637931034   0.948275862
   7   0   7   0   0.772356730   0.014636261   0.775862069   0.017241379
   7   0   7   0   0.754685550   0.024585757   0.775862069   0.051724138
   7   0   7   0   0.766237841   0.072452459   0.706896552   0.120689655
   7   0   7   0   0.796335722   0.034298721   0.810344828   0.051724138
   7   0   7   0   0.741027144   0.059250039   0.706896552   0.086206897
   7   0   7   0   0.740281070   0.039003185   0.741379310   0.017241379
   7   0   7   0   0.782080507   0.088043219   0.810344828   0.120689655
   7   0   7   0   0.790755338   0.067027152   0.810344828   0.155172414
   7   1   7   1   0.787185092   0.136381091   0.741379310   0.155172414
   7   1   7   1   0.724760342   0.162165261   0.844827586   0.120689655
   7   1   7   1   0.793460819   0.165125707   0.706896552   0.258620690
   7   1   7   1   0.743334633   0.181823845   0.741379310   0.224137931
   7   1   7   1   0.771071006   0.184678539   0.913793103   0.155172414
   7   1   7   1   0.747873448   0.116193046   0.741379310   0.086206897
   7   2   7   2   0.716809212   0.218117115   0.775862069   0.258620690
   7   2   7   2   0.735949012   0.260434193   0.810344828   0.189655172
   7   2   7   2   0.746771389   0.214209213   0.672413793   0.327586207
   7   2   7   2   0.773532105   0.264008269   0.810344828   0.293103448
   7   2   7   2   0.732549019   0.231543154   0.775862069   0.224137931
   7   2   7   2   0.756519573   0.280396919   0.775862069   0.362068966
   7   2   7   2   0.771673224   0.235700481   0.775862069   0.086206897
   7   2   7   2   0.734923260   0.285028902   0.706896552   0.327586207
   7   2   7   2   0.796234734   0.289595758   0.844827586   0.189655172
   7   2   7   2   0.706896082   0.238270156   0.706896552   0.189655172
   7   3   7   3   0.768851415   0.394309419   0.741379310   0.293103448
   7   3   7   3   0.737109452   0.377840113   0.775862069   0.293103448
   7   3   7   3   0.731693261   0.340185188   0.810344828   0.362068966
   7   3   7   3   0.760206678   0.356496624   0.810344828   0.327586207
   7   3   7   3   0.709566513   0.378788963   0.637931034   0.327586207
   7   3   7   3   0.726292492   0.303172450   0.706896552   0.224137931
   7   3   7   3   0.755600523   0.306760160   0.879310345   0.362068966
   7   3   7   3   0.712025756   0.336068930   0.672413793   0.293103448
   7   4   7   4   0.727313017   0.473748246   0.706896552   0.362068966
   7   4   7   4   0.783049985   0.441112680   0.775862069   0.396551724
   7   4   7   4   0.711464296   0.409586904   0.810344828   0.396551724
   7   4   7   4   0.756865694   0.452054081   0.810344828   0.465517241
   7   4   7   4   0.776178558   0.460632058   0.810344828   0.431034483
   7   4   7   4   0.742742944   0.492972658   0.672413793   0.431034483
   7   4   7   4   0.737236970   0.444803576   0.775862069   0.465517241
   7   4   7   4   0.775530309   0.414096128   0.844827586   0.431034483
   7   4   7   4   0.706035836   0.430853282   0.741379310   0.396551724
   7   4   7   4   0.794746804   0.487351679   0.879310345   0.465517241
   7   5   7   5   0.726056473   0.567402086   0.706896552   0.568965517
   7   5   7   5   0.744232390   0.540457798   0.741379310   0.500000000
   7   5   7   5   0.756973130   0.523940312   0.741379310   0.568965517
   7   5   7   5   0.771586404   0.546128466   0.810344828   0.534482759
   7   5   7   5   0.720746176   0.527182986   0.706896552   0.603448276
   7   5   7   5   0.773335245   0.507207527   0.706896552   0.396551724
   7   5   7   5   0.794113299   0.535961047   0.879310345   0.534482759
   7   5   7   5   0.749289503   0.589366000   0.672413793   0.637931034
   7   5   7   5   0.703093524   0.555237640   0.672413793   0.465517241
   7   6   7   6   0.739395717   0.658044963   0.672413793   0.706896552
   7   6   7   6   0.727073047   0.625820667   0.741379310   0.672413793
   7   6   7   6   0.747276169   0.622740657   0.775862069   0.500000000
   7   6   7   6   0.787703871   0.678047116   0.741379310   0.741379310
   7   6   7   6   0.769941314   0.648193050   0.775862069   0.741379310
   7   6   7   6   0.737106820   0.605474332   0.706896552   0.672413793
   7   6   7   6   0.756894672   0.690569113   0.741379310   0.706896552
   7   6   7   6   0.794898057   0.622227453   0.775862069   0.534482759
   7   6   7   6   0.711010512   0.676653638   0.637931034   0.568965517
   7   7   7   7   0.719667907   0.787476199   0.741379310   0.775862069
   7   7   7   7   0.755700217   0.766794842   0.741379310   0.810344828
   7   7   7   7   0.783866021   0.761272375   0.775862069   0.844827586
   7   7   7   7   0.745421390   0.787015895   0.775862069   0.775862069
   7   7   7   7   0.774381535   0.743440887   0.810344828   0.741379310
   7   7   7   7   0.737575162   0.747341700   0.706896552   0.844827586
   7   7   7   7   0.713877989   0.700438275   0.775862069   0.672413793
   7   7   7   7   0.710840327   0.745013410   0.672413793   0.741379310
   7   7   7   7   0.799977590   0.734833296   0.879310345   0.741379310
   7   7   7   7   0.789544676   0.705950245   0.844827586   0.706896552
   7   8   7   8   0.716672688   0.889297492   0.706896552   0.913793103
   7   8   7   8   0.756955412   0.884043323   0.672413793   0.879310345
   7   8   7   8   0.749452499   0.815744313   0.741379310   0.948275862
   7   8   7   8   0.782040370   0.850544614   0.810344828   0.913793103
   7   8   7   8   0.750561909   0.861250085   0.810344828   0.844827586
   7   8   7   8   0.728893085   0.805393892   0.810344828   0.775862069
   7   8   7   8   0.774344904   0.826127500   0.844827586   0.844827586
   7   8   7   8   0.798248830   0.807801160   0.810344828   0.879310345
   7   8   7   8   0.715562547   0.866405788   0.603448276   0.844827586
   7   8   7   8   0.797977699   0.885807055   0.741379310   0.879310345
   7   9   7   9   0.733261900   0.975040571   0.706896552   0.982758621
   7   9   7   9   0.741941623   0.954423426   0.844827586   0.948275862
   7   9   7   9   0.736748181   0.932568434   0.706896552   0.879310345
   7   9   7   9   0.709229053   0.985150790   0.672413793   0.982758621
   7   9   7   9   0.783450855   0.940195758   0.879310345   0.913793103
   7   9   7   9   0.707074720   0.911980484   0.741379310   0.982758621
   7   9   7   9   0.740393637   0.904728983   0.672413793   0.810344828
   7   9   7   9   0.713184923   0.938608068   0.775862069   0.948275862
   7   9   7   9   0.782012733   0.917209539   0.775862069   0.879310345
   8   0   8   0   0.871948730   0.061541262   0.844827586   0.017241379
   8   0   8   0   0.805625929   0.011540099   0.879310345   0.051724138
   8   0   8   0   0.856549934   0.085692389   0.879310345   0.086206897
   8   0   8   0   0.856856610   0.011361892   0.879310345   0.017241379
   8   0   8   0   0.878361509   0.089578234   0.948275862   0.017241379
   8   0   8   0   0.833895667   0.063843844   0.810344828   0.086206897
   8   0   8   0   0.881682552   0.020736563   0.913793103   0.017241379
   8   0   8   0   0.819555367   0.033435520   0.810344828   0.017241379
   8   0   8   0   0.812588167   0.089736529   0.844827586   0.086206897
   8   1   8   1   0.872218002   0.109308657   0.913793103   0.120689655
   8   1   8   1   0.895309453   0.149724980   0.879310345   0.120689655
   8   1   8   1   0.852486846   0.135513907   0.913793103   0.086206897
   8   1   8   1   0.874999309   0.159267594   0.844827586   0.155172414
   8   1   8   1   0.823147918   0.134174853   0.879310345   0.293103448
   8   1   8   1   0.880162687   0.181899977   0.844827586   0.051724138
   8   1   8   1   0.826166408   0.108456343   0.948275862   0.120689655
   8   2   8   2   0.839679907   0.256882562   0.810344828   0.224137931
   8   2   8   2   0.816241134   0.276531281   0.810344828   0.258620690
   8   2   8   2   0.888806288   0.259713450   0.879310345   0.155172414
   8   2   8   2   0.860566219   0.263330324   0.913793103   0.293103448
   8   2   8   2   0.851957567   0.289732490   0.982758621   0.293103448
   8   2   8   2   0.840376238   0.230257580   0.741379310   0.120689655
   8   2   8   2   0.859628102   0.203107783   0.844827586   0.258620690
   8   2   8   2   0.895902875   0.226598445   0.879310345   0.189655172
   8   3   8   3   0.851672696   0.331099708   0.879310345   0.396551724
   8   3   8   3   0.853217487   0.382041951   0.844827586   0.362068966
   8   3   8   3   0.854879752   0.358837414   0.844827586   0.293103448
   8   3   8   3   0.808368816   0.340143882   0.913793103   0.396551724
   8   3   8   3   0.874888068   0.308866802   0.879310345   0.224137931
   8   3   8   3   0.879102706   0.375139873   0.948275862   0.293103448
   8   3   8   3   0.805151803   0.313100157   0.775862069   0.327586207
   8   3   8   3   0.812780642   0.390033913   0.844827586   0.327586207
   8   3   8   3   0.834442490   0.395024466   0.844827586   0.500000000
   8   3   8   3   0.801597842   0.359822826   0.741379310   0.431034483
   8   4   8   4   0.861184328   0.445488724   0.844827586   0.465517241
   8   4   8   4   0.860588150   0.468558182   0.913793103   0.362068966
   8   4   8   4   0.836558282   0.451544668   0.844827586   0.534482759
   8   4   8   4   0.815974827   0.470426298   0.775862069   0.637931034
   8   4   8   4   0.840614027   0.421218799   0.844827586   0.396551724
   8   4   8   4   0.885568365   0.438991954   0.948275862   0.362068966
   8   4   8   4   0.814113286   0.412117599   0.775862069   0.431034483
   8   4   8   4   0.889088461   0.466323384   0.982758621   0.431034483
   8   4   8   4   0.875405619   0.407747134   0.879310345   0.431034483
   8   5   8   5   0.866985743   0.547817225   0.879310345   0.568965517
   8   5   8   5   0.830039819   0.532037618   0.775862069   0.568965517
   8   5   8   5   0.808229385   0.563684422   0.810344828   0.603448276
   8   5   8   5   0.855499291   0.568656304   0.913793103   0.500000000
   8   5   8   5   0.844151341   0.503552931   0.810344828   0.500000000
   8   5   8   5   0.852353441   0.524629955   0.879310345   0.500000000
   8   5   8   5   0.825535259   0.577464164   0.844827586   0.568965517
   8   5   8   5   0.897917667   0.587105007   0.810344828   0.637931034
   8   6   8   6   0.831825514   0.688665392   0.775862069   0.706896552
   8   6   8   6   0.865718390   0.666887963   0.844827586   0.637931034
   8   6   8   6   0.866028417   0.695130007   0.913793103   0.741379310
   8   6   8   6   0.826022279   0.615315699   0.810344828   0.568965517
   8   6   8   6   0.843520728   0.656042123   0.982758621   0.568965517
   8   6   8   6   0.876407863   0.614810217   0.844827586   0.672413793
   8   6   8   6   0.889981171   0.695854046   0.948275862   0.637931034
   8   6   8   6   0.808337434   0.681770003   0.948275862   0.672413793
   8   7   8   7   0.804753585   0.755861233   0.844827586   0.741379310
   8   7   8   7   0.835714059   0.748699266   0.879310345   0.775862069
   8   7   8   7   0.809003571   0.716596282   0.810344828   0.672413793
   8   7   8   7   0.839573215   0.711100367   0.913793103   0.706896552
   8   7   8   7   0.862071564   0.748501549   0.810344828   0.810344828
   8   7   8   7   0.875777457   0.712644038   0.948275862   0.741379310
   8   7   8   7   0.836483079   0.787346577   0.844827586   0.810344828
   8   7   8   7   0.813869556   0.793827142   0.879310345   0.879310345
   8   7   8   7   0.893809373   0.732051631   0.948275862   0.706896552
   8   8   8   8   0.831458046   0.813049383   0.844827586   0.913793103
   8   8   8   8   0.862282554   0.875231590   0.913793103   0.775862069
   8   8   8   8   0.837036216   0.845739935   0.775862069   0.810344828
   8   8   8   8   0.816566188   0.862497347   0.879310345   0.844827586
   8   8   8   8   0.857304327   0.854884349   0.844827586   0.775862069
   8   8   8   8   0.892251371   0.898329118   0.879310345   0.810344828
   8   8   8   8   0.827514247   0.881898825   0.844827586   0.982758621
   8   8   8   8   0.871201534   0.896349778   0.879310345   0.948275862
   8   9   8   9   0.846652223   0.911720511   0.810344828   0.948275862
   8   9   8   9   0.849321089   0.955167072   0.810344828   0.982758621
   8   9   8   9   0.866714312   0.969679647   0.913793103   0.982758621
   8   9   8   9   0.870074053   0.939292813   0.775862069   0.913793103
   8   9   8   9   0.814069802   0.980164120   0.775862069   0.982758621
   8   9   8   9   0.883720618   0.918575702   0.913793103   0.879310345
   8   9   8   9   0.829279607   0.954331514   0.741379310   0.913793103
   8   9   8   9   0.894601490   0.946991974   0.913793103   0.913793103
   8   9   8   9   0.816051581   0.928371401   0.706896552   0.948275862
   9   0   9   0   0.953705978   0.038461551   0.948275862   0.086206897
   9   0   9   0   0.979724084   0.023067878   0.982758621   0.051724138
   9   0   9   0   0.929525807   0.066355127   0.948275862   0.155172414
   9   0   9   0   0.988469897   0.051813663   0.913793103   0.051724138
   9   0   9   0   0.901399828   0.052733491   0.948275862   0.051724138
   9   0   9   0   0.905751568   0.023367583   0.982758621   0.017241379
   9   1   9   1   0.973528885   0.127941282   0.982758621   0.120689655
   9   1   9   1   0.984086663   0.106442992   0.982758621   0.155172414
   9   1   9   1   0.953087716   0.151079576   0.982758621   0.189655172
   9   1   9   1   0.989647764   0.176947086   0.913793103   0.189655172
   9   1   9   1   0.919866637   0.107359795   0.982758621   0.086206897
   9   2   9   2   0.966607745   0.257047917   0.913793103   0.224137931
   9   2   9   2   0.943142038   0.221137092   0.913793103   0.258620690
   9   2   9   2   0.983982779   0.205791869   0.982758621   0.258620690
   9   2   9   2   0.989340273   0.264896206   0.879310345   0.258620690
   9   2   9   2   0.941940941   0.259188653   0.844827586   0.224137931
   9   2   9   2   0.954635336   0.203337590   0.982758621   0.224137931
   9   2   9   2   0.904136699   0.297814931   0.879310345   0.327586207
   9   3   9   3   0.981042619   0.368775628   0.982758621   0.327586207
   9   3   9   3   0.904603179   0.339807286   0.948275862   0.431034483
   9   3   9   3   0.921552740   0.326661186   0.948275862   0.189655172
   9   3   9   3   0.960930232   0.370635410   0.948275862   0.396551724
   9   3   9   3   0.971202308   0.336421000   0.948275862   0.224137931
   9   3   9   3   0.957200483   0.308172800   0.948275862   0.258620690
   9   3   9   3   0.910003047   0.390168034   0.948275862   0.327586207
   9   4   9   4   0.948978757   0.461482888   0.948275862   0.465517241
   9   4   9   4   0.961115699   0.431882227   0.913793103   0.327586207
   9   4   9   4   0.928668851   0.437827817   0.913793103   0.465517241
   9   4   9   4   0.908115262   0.451994110   0.913793103   0.431034483
   9   4   9   4   0.929445620   0.466644704   0.982758621   0.396551724
   9   4   9   4   0.969044637   0.464123149   0.982758621   0.362068966
   9   4   9   4   0.915030767   0.480912165   0.913793103   0.534482759
   9   4   9   4   0.975902222   0.496931647   0.982758621   0.465517241
   9   5   9   5   0.972572743   0.571521822   0.948275862   0.568965517
   9   5   9   5   0.930633574   0.539113938   0.982758621   0.534482759
   9   5   9   5   0.949597734   0.524858612   0.948275862   0.603448276
   9   5   9   5   0.908214239   0.500626362   0.982758621   0.500000000
   9   5   9   5   0.987831219   0.530621901   0.982758621   0.637931034
   9   5   9   5   0.903530639   0.520478052   0.948275862   0.534482759
   9   5   9   5   0.925092803   0.595545710   0.948275862   0.500000000
   9   5   9   5   0.983675980   0.588658145   0.982758621   0.603448276
   9   6   9   6   0.986858783   0.663316472   0.982758621   0.672413793
   9   6   9   6   0.958365351   0.649319826   0.913793103   0.637931034
   9   6   9   6   0.977945060   0.625992083   0.844827586   0.603448276
   9   6   9   6   0.910952712   0.666020832   0.879310345   0.637931034
   9   6   9   6   0.942254998   0.672917366   0.913793103   0.568965517
   9   6   9   6   0.953745492   0.607887642   0.879310345   0.603448276
   9   6   9   6   0.960962270   0.695301196   0.879310345   0.706896552
   9   6   9   6   0.909898057   0.612482677   0.913793103   0.603448276
   9   7   9   7   0.954893627   0.731555854   0.982758621   0.741379310
   9   7   9   7   0.976319634   0.732708319   0.982758621   0.775862069
   9   7   9   7   0.940201200   0.786468713   0.982758621   0.810344828
   9   7   9   7   0.932170283   0.725317949   0.982758621   0.706896552
   9   7   9   7   0.905304083   0.773726882   0.810344828   0.706896552
   9   7   9   7   0.915543826   0.708305270   0.913793103   0.672413793
   9   8   9   8   0.976932357   0.880471253   0.913793103   0.844827586
   9   8   9   8   0.989675461   0.841734223   0.982758621   0.844827586
   9   8   9   8   0.936093029   0.837722285   0.982758621   0.879310345
   9   8   9   8   0.930069503   0.884274565   0.913793103   0.810344828
   9   8   9   8   0.958778389   0.855563988   0.879310345   0.982758621
   9   8   9   8   0.906570068   0.854720203   0.948275862   0.775862069
   9   8   9   8   0.935858775   0.811253364   0.948275862   0.844827586
   9   8   9   8   0.905657557   0.883457717   0.948275862   0.913793103
   9   8   9   8   0.955872122   0.802073838   0.948275862   0.810344828
   9   8   9   8   0.913136793   0.809046786   0.879310345   0.672413793
   9   9   9   9   0.963980553   0.946083730   0.948275862   0.948275862
   9   9   9   9   0.949297863   0.975748144   0.948275862   0.982758621
   9   9   9   9   0.939947181   0.926201894   0.982758621   0.913793103
   9   9   9   9   0.924009355   0.983727255   0.982758621   0.948275862
   9   9   9   9   0.972570806   0.982918277   0.982758621   0.982758621
   9   9   9   9   0.912830639   0.961156729   0.913793103   0.948275862
   9   9   9   9   0.981460752   0.936232960   0.948275862   0.879310345
   9   9   9   9   0.985717293   0.909170973   0.844827586   0.879310345
