# ix  iyhoodxhoody             x             y         x_org         y_org
   0   0   0   0   0.022875544   0.012633536   0.017241379   0.017241379
   0   0   0   0   0.031225724   0.041623573   0.017241379   0.051724138
   0   0   0   0   0.017648564   0.091278104   0.017241379   0.086206897
   0   0   0   0   0.098673132   0.055344393   0.051724138   0.017241379
   0   0   0   0   0.056350443   0.059272690   0.051724138   0.051724138
   0   0   0   0   0.030326269   0.070332979   0.051724138   0.086206897
   0   0   0   0   0.048594343   0.024220954   0.155172414   0.051724138
   0   0   0   0   0.092918320   0.014985033   0.086206897   0.017241379
   0   0   0   0   0.065166787   0.098522507   0.086206897   0.086206897
   0   1   0   1   0.024062079   0.133829971   0.017241379   0.120689655
   0   1   0   1   0.056386050   0.166329859   0.017241379   0.155172414
   0   1   0   1   0.013336975   0.171502229   0.017241379   0.189655172
   0   1   0   1   0.086139580   0.112389673   0.051724138   0.120689655
   0   1   0   1   0.055141822   0.122744924   0.051724138   0.155172414
   0   1   0   1   0.077644528   0.166365516   0.086206897   0.155172414
   0   1   0   1   0.038563726   0.191915355   0.051724138   0.224137931
   0   2   0   2   0.013970717   0.264743863   0.017241379   0.224137931
   0   2   0   2   0.051322379   0.286006473   0.017241379   0.258620690
   0   2   0   2   0.034038242   0.226876229   0.051724138   0.258620690
   0   2   0   2   0.073211133   0.282163786   0.051724138   0.293103448
   0   2   0   2   0.066074160   0.253454083   0.120689655   0.258620690
   0   2   0   2   0.063976224   0.204297528   0.120689655   0.189655172
   0   2   0   2   0.020482571   0.293786468   0.017241379   0.327586207
   0   3   0   3   0.029976879   0.334829325   0.017241379   0.362068966
   0   3   0   3   0.064387186   0.340793691   0.086206897   0.327586207
   0   3   0   3   0.045010852   0.381018094   0.086206897   0.362068966
   0   3   0   3   0.095434267   0.328375884   0.086206897   0.293103448
   0   3   0   3   0.031675367   0.356261422   0.086206897   0.396551724
   0   3   0   3   0.063353325   0.361911890   0.155172414   0.431034483
   0   3   0   3   0.095782773   0.348926382   0.155172414   0.362068966
   0   3   0   3   0.052326310   0.311148558   0.017241379   0.293103448
   0   4   0   4   0.052195334   0.472245402   0.017241379   0.431034483
   0   4   0   4   0.010900681   0.496100398   0.017241379   0.465517241
   0   4   0   4   0.076621057   0.484599864   0.051724138   0.396551724
   0   4   0   4   0.057154513   0.498458521   0.051724138   0.500000000
   0   4   0   4   0.093282787   0.468327797   0.017241379   0.396551724
   0   4   0   4   0.021644255   0.409257554   0.051724138   0.362068966
   0   4   0   4   0.065600158   0.438125319   0.086206897   0.431034483
   0   4   0   4   0.087142637   0.447499082   0.120689655   0.431034483
   0   5   0   5   0.056799589   0.520245543   0.017241379   0.500000000
   0   5   0   5   0.034499557   0.501528298   0.017241379   0.534482759
   0   5   0   5   0.061883993   0.589320050   0.017241379   0.568965517
   0   5   0   5   0.051666146   0.562605327   0.051724138   0.568965517
   0   5   0   5   0.082790158   0.568981013   0.086206897   0.534482759
   0   5   0   5   0.011052793   0.591193069   0.017241379   0.603448276
   0   5   0   5   0.075454649   0.548453838   0.120689655   0.534482759
   0   5   0   5   0.014753170   0.549711981   0.051724138   0.465517241
   0   5   0   5   0.033773172   0.592760223   0.017241379   0.637931034
   0   5   0   5   0.087736636   0.503820739   0.051724138   0.431034483
   0   6   0   6   0.015104146   0.644336821   0.017241379   0.672413793
   0   6   0   6   0.011160469   0.620406435   0.051724138   0.672413793
   0   6   0   6   0.064020353   0.677737998   0.086206897   0.637931034
   0   6   0   6   0.036673798   0.620286186   0.051724138   0.706896552
   0   6   0   6   0.023556149   0.662970027   0.017241379   0.706896552
   0   6   0   6   0.079439275   0.610477940   0.051724138   0.603448276
   0   6   0   6   0.091170144   0.657293496   0.155172414   0.706896552
   0   7   0   7   0.011358461   0.726209220   0.017241379   0.741379310
   0   7   0   7   0.022333451   0.754821247   0.017241379   0.775862069
   0   7   0   7   0.056671416   0.751542419   0.051724138   0.741379310
   0   7   0   7   0.040669818   0.731861913   0.051724138   0.775862069
   0   7   0   7   0.039299094   0.705500464   0.086206897   0.706896552
   0   7   0   7   0.014117009   0.791303654   0.086206897   0.741379310
   0   7   0   7   0.087773578   0.752530308   0.120689655   0.741379310
   0   7   0   7   0.083696296   0.730756447   0.120689655   0.706896552
   0   7   0   7   0.096023440   0.713671914   0.120689655   0.672413793
   0   8   0   8   0.014381401   0.824015648   0.017241379   0.810344828
   0   8   0   8   0.030021399   0.851913664   0.017241379   0.844827586
   0   8   0   8   0.061016846   0.881498199   0.017241379   0.879310345
   0   8   0   8   0.053221731   0.800972907   0.051724138   0.810344828
   0   8   0   8   0.086242926   0.803223245   0.051724138   0.844827586
   0   8   0   8   0.077449843   0.854751686   0.051724138   0.879310345
   0   8   0   8   0.085522515   0.878717098   0.086206897   0.844827586
   0   8   0   8   0.099976008   0.842242144   0.120689655   0.810344828
   0   8   0   8   0.015094926   0.882783232   0.017241379   0.913793103
   0   9   0   9   0.040253315   0.935764957   0.017241379   0.948275862
   0   9   0   9   0.016858636   0.973350674   0.017241379   0.982758621
   0   9   0   9   0.056402139   0.923475898   0.051724138   0.948275862
   0   9   0   9   0.034252179   0.988780045   0.051724138   0.982758621
   0   9   0   9   0.082441576   0.954787893   0.086206897   0.982758621
   0   9   0   9   0.078552519   0.911251994   0.051724138   0.913793103
   0   9   0   9   0.090061100   0.988696889   0.120689655   0.982758621
   1   0   1   0   0.127867394   0.059450118   0.120689655   0.017241379
   1   0   1   0   0.162849494   0.046491855   0.120689655   0.051724138
   1   0   1   0   0.193723138   0.054709771   0.120689655   0.086206897
   1   0   1   0   0.149219365   0.015073314   0.155172414   0.017241379
   1   0   1   0   0.181485986   0.037637459   0.189655172   0.017241379
   1   0   1   0   0.115618560   0.081476572   0.086206897   0.120689655
   1   0   1   0   0.186813484   0.096681681   0.120689655   0.120689655
   1   0   1   0   0.197035554   0.075068906   0.155172414   0.120689655
   1   1   1   1   0.162900914   0.105310379   0.120689655   0.155172414
   1   1   1   1   0.155344758   0.138342155   0.155172414   0.155172414
   1   1   1   1   0.124735960   0.186019279   0.120689655   0.224137931
   1   1   1   1   0.109122340   0.109780976   0.086206897   0.051724138
   1   1   1   1   0.104126873   0.152416136   0.086206897   0.189655172
   1   1   1   1   0.145595056   0.180018396   0.189655172   0.189655172
   1   1   1   1   0.127441758   0.129483198   0.155172414   0.189655172
   1   1   1   1   0.173562862   0.174293588   0.189655172   0.086206897
   1   1   1   1   0.102273873   0.192777586   0.051724138   0.189655172
   1   1   1   1   0.189561101   0.158467035   0.224137931   0.120689655
   1   2   1   2   0.110543489   0.218463030   0.155172414   0.224137931
   1   2   1   2   0.181412742   0.285353041   0.155172414   0.258620690
   1   2   1   2   0.156078587   0.224068911   0.189655172   0.224137931
   1   2   1   2   0.184131242   0.260731522   0.189655172   0.293103448
   1   2   1   2   0.142631295   0.251922827   0.086206897   0.224137931
   1   2   1   2   0.174167267   0.233036703   0.189655172   0.155172414
   1   2   1   2   0.104562331   0.237808447   0.086206897   0.258620690
   1   2   1   2   0.121142764   0.296265877   0.120689655   0.327586207
   1   2   1   2   0.141456027   0.298040573   0.120689655   0.293103448
   1   3   1   3   0.131556639   0.317509646   0.120689655   0.362068966
   1   3   1   3   0.177770283   0.329040769   0.155172414   0.327586207
   1   3   1   3   0.144741685   0.355298996   0.189655172   0.327586207
   1   3   1   3   0.135148608   0.380697583   0.051724138   0.327586207
   1   3   1   3   0.195230102   0.306356699   0.189655172   0.258620690
   1   3   1   3   0.172177945   0.395318425   0.120689655   0.396551724
   1   4   1   4   0.161361957   0.430160107   0.120689655   0.465517241
   1   4   1   4   0.164020964   0.472403894   0.155172414   0.465517241
   1   4   1   4   0.130450892   0.430715238   0.189655172   0.431034483
   1   4   1   4   0.183536572   0.416284806   0.189655172   0.465517241
   1   4   1   4   0.143031052   0.448243604   0.086206897   0.500000000
   1   4   1   4   0.109142986   0.448092925   0.086206897   0.465517241
   1   4   1   4   0.142265318   0.473024629   0.155172414   0.534482759
   1   4   1   4   0.117063373   0.480854604   0.051724138   0.534482759
   1   4   1   4   0.163241174   0.497281796   0.224137931   0.465517241
   1   4   1   4   0.107735749   0.499555133   0.120689655   0.500000000
   1   5   1   5   0.149835820   0.527420094   0.120689655   0.568965517
   1   5   1   5   0.109918184   0.580866423   0.086206897   0.603448276
   1   5   1   5   0.130793281   0.504931374   0.086206897   0.568965517
   1   5   1   5   0.172136207   0.549076997   0.155172414   0.500000000
   1   5   1   5   0.194991278   0.504282168   0.189655172   0.500000000
   1   5   1   5   0.165892323   0.574361122   0.155172414   0.568965517
   1   6   1   6   0.108502818   0.693619509   0.120689655   0.637931034
   1   6   1   6   0.148467906   0.649489817   0.155172414   0.603448276
   1   6   1   6   0.167619571   0.672073276   0.155172414   0.672413793
   1   6   1   6   0.102044401   0.610912408   0.051724138   0.637931034
   1   6   1   6   0.148901444   0.611527761   0.120689655   0.603448276
   1   6   1   6   0.187000442   0.678426921   0.189655172   0.672413793
   1   6   1   6   0.167974715   0.618553438   0.224137931   0.568965517
   1   7   1   7   0.129020119   0.728820705   0.155172414   0.741379310
   1   7   1   7   0.148520459   0.733981137   0.155172414   0.775862069
   1   7   1   7   0.192995101   0.765672027   0.155172414   0.810344828
   1   7   1   7   0.185685148   0.742673258   0.155172414   0.844827586
   1   7   1   7   0.115704159   0.765361049   0.086206897   0.775862069
   1   7   1   7   0.103825999   0.735438111   0.086206897   0.672413793
   1   7   1   7   0.150092736   0.704967447   0.155172414   0.637931034
   1   7   1   7   0.184573375   0.717942719   0.189655172   0.706896552
   1   7   1   7   0.166458231   0.787231837   0.224137931   0.810344828
   1   7   1   7   0.195009589   0.797356774   0.224137931   0.741379310
   1   8   1   8   0.106550672   0.866323542   0.120689655   0.844827586
   1   8   1   8   0.174138772   0.852328169   0.120689655   0.879310345
   1   8   1   8   0.152157759   0.841180285   0.155172414   0.879310345
   1   8   1   8   0.177082636   0.810722332   0.189655172   0.844827586
   1   8   1   8   0.137722761   0.803584292   0.120689655   0.775862069
   1   8   1   8   0.128828029   0.855197624   0.086206897   0.879310345
   1   8   1   8   0.187523464   0.887393822   0.224137931   0.879310345
   1   8   1   8   0.105944083   0.822125195   0.086206897   0.810344828
   1   9   1   9   0.168850600   0.907809790   0.120689655   0.913793103
   1   9   1   9   0.175794019   0.954711526   0.120689655   0.948275862
   1   9   1   9   0.186825471   0.922355718   0.155172414   0.913793103
   1   9   1   9   0.199541360   0.970052591   0.155172414   0.948275862
   1   9   1   9   0.131174242   0.984586444   0.155172414   0.982758621
   1   9   1   9   0.156013335   0.960242063   0.189655172   0.982758621
   1   9   1   9   0.160152747   0.937021557   0.086206897   0.948275862
   1   9   1   9   0.112790028   0.903274853   0.086206897   0.913793103
   1   9   1   9   0.132800643   0.901169868   0.189655172   0.879310345
   2   0   2   0   0.296289672   0.018992690   0.224137931   0.017241379
   2   0   2   0   0.240341756   0.070801725   0.224137931   0.051724138
   2   0   2   0   0.297471780   0.067906404   0.258620690   0.017241379
   2   0   2   0   0.278741825   0.030776484   0.258620690   0.051724138
   2   0   2   0   0.248638516   0.027813225   0.258620690   0.086206897
   2   0   2   0   0.203247103   0.028266350   0.189655172   0.051724138
   2   0   2   0   0.230340334   0.050406306   0.155172414   0.086206897
   2   1   2   1   0.209499420   0.175850703   0.224137931   0.155172414
   2   1   2   1   0.228341233   0.135344280   0.258620690   0.120689655
   2   1   2   1   0.261254789   0.152770898   0.258620690   0.155172414
   2   1   2   1   0.291473645   0.191727528   0.258620690   0.189655172
   2   1   2   1   0.283918279   0.128721133   0.293103448   0.120689655
   2   1   2   1   0.226845716   0.161584175   0.224137931   0.086206897
   2   1   2   1   0.234396668   0.190881534   0.258620690   0.224137931
   2   1   2   1   0.287106930   0.103867537   0.293103448   0.051724138
   2   1   2   1   0.299818642   0.144154401   0.327586207   0.120689655
   2   2   2   2   0.249478210   0.221867636   0.224137931   0.224137931
   2   2   2   2   0.209827954   0.235949950   0.258620690   0.258620690
   2   2   2   2   0.252439983   0.275636024   0.293103448   0.258620690
   2   2   2   2   0.283866447   0.215622741   0.293103448   0.189655172
   2   2   2   2   0.281163283   0.286663905   0.293103448   0.293103448
   2   2   2   2   0.223696108   0.280016588   0.224137931   0.189655172
   2   2   2   2   0.202298063   0.205484043   0.189655172   0.120689655
   2   2   2   2   0.293853050   0.247560348   0.327586207   0.258620690
   2   3   2   3   0.265843617   0.305552368   0.224137931   0.327586207
   2   3   2   3   0.243995752   0.345774222   0.224137931   0.362068966
   2   3   2   3   0.245928081   0.368331314   0.293103448   0.362068966
   2   3   2   3   0.261385330   0.381904657   0.189655172   0.362068966
   2   3   2   3   0.282747952   0.359427130   0.327586207   0.396551724
   2   3   2   3   0.233711041   0.323285279   0.224137931   0.293103448
   2   3   2   3   0.285486681   0.322387787   0.293103448   0.327586207
   2   3   2   3   0.291003303   0.384221684   0.362068966   0.396551724
   2   3   2   3   0.223456243   0.343071762   0.155172414   0.293103448
   2   3   2   3   0.298410642   0.342170438   0.327586207   0.362068966
   2   3   2   3   0.207499979   0.381064984   0.155172414   0.396551724
   2   3   2   3   0.234782846   0.303284949   0.224137931   0.258620690
   2   3   2   3   0.229669839   0.398264589   0.224137931   0.396551724
   2   4   2   4   0.227915575   0.429157676   0.224137931   0.431034483
   2   4   2   4   0.253546709   0.441630781   0.258620690   0.431034483
   2   4   2   4   0.200222539   0.481191237   0.293103448   0.465517241
   2   4   2   4   0.275468277   0.429662407   0.258620690   0.396551724
   2   4   2   4   0.273879651   0.493741351   0.258620690   0.500000000
   2   4   2   4   0.299943448   0.430458106   0.293103448   0.396551724
   2   4   2   4   0.207370254   0.401254886   0.189655172   0.396551724
   2   4   2   4   0.203066539   0.445271738   0.258620690   0.465517241
   2   4   2   4   0.230320007   0.496004811   0.224137931   0.534482759
   2   4   2   4   0.293783794   0.405692690   0.293103448   0.431034483
   2   4   2   4   0.270582481   0.404857659   0.258620690   0.362068966
   2   5   2   5   0.240644785   0.555200250   0.258620690   0.568965517
   2   5   2   5   0.234853329   0.529384482   0.293103448   0.500000000
   2   5   2   5   0.219651720   0.573176176   0.224137931   0.603448276
   2   5   2   5   0.288994305   0.527734060   0.224137931   0.500000000
   2   5   2   5   0.265674684   0.546538821   0.258620690   0.603448276
   2   5   2   5   0.297207326   0.579642488   0.258620690   0.534482759
   2   5   2   5   0.203567180   0.533178827   0.189655172   0.534482759
   2   5   2   5   0.274807093   0.574052547   0.293103448   0.637931034
   2   5   2   5   0.257559899   0.597173948   0.224137931   0.637931034
   2   6   2   6   0.256536807   0.655527748   0.258620690   0.637931034
   2   6   2   6   0.252242870   0.693142417   0.258620690   0.672413793
   2   6   2   6   0.268810598   0.634932306   0.293103448   0.603448276
   2   6   2   6   0.246284436   0.614777637   0.189655172   0.637931034
   2   6   2   6   0.286811973   0.673661099   0.327586207   0.637931034
   2   6   2   6   0.232350462   0.681443534   0.224137931   0.706896552
   2   6   2   6   0.211802903   0.623135797   0.189655172   0.568965517
   2   6   2   6   0.216062631   0.644934003   0.189655172   0.603448276
   2   6   2   6   0.205991705   0.697571935   0.258620690   0.706896552
   2   7   2   7   0.236445339   0.795310626   0.258620690   0.741379310
   2   7   2   7   0.270116037   0.775836843   0.293103448   0.706896552
   2   7   2   7   0.246369875   0.767063376   0.293103448   0.741379310
   2   7   2   7   0.245969134   0.738337337   0.189655172   0.775862069
   2   7   2   7   0.266164184   0.747645199   0.224137931   0.672413793
   2   7   2   7   0.285217852   0.762186226   0.327586207   0.706896552
   2   7   2   7   0.284664048   0.712403844   0.189655172   0.741379310
   2   7   2   7   0.299896996   0.778815956   0.258620690   0.775862069
   2   8   2   8   0.225088517   0.854940478   0.224137931   0.844827586
   2   8   2   8   0.227982299   0.833858799   0.258620690   0.844827586
   2   8   2   8   0.200642521   0.822161813   0.189655172   0.810344828
   2   8   2   8   0.288974424   0.860955348   0.327586207   0.844827586
   2   8   2   8   0.243633686   0.868374397   0.258620690   0.948275862
   2   8   2   8   0.220930764   0.814701160   0.224137931   0.775862069
   2   8   2   8   0.209347312   0.870208188   0.258620690   0.879310345
   2   8   2   8   0.270305972   0.812774987   0.258620690   0.810344828
   2   9   2   9   0.258288870   0.964610329   0.224137931   0.948275862
   2   9   2   9   0.223983278   0.947470392   0.224137931   0.982758621
   2   9   2   9   0.250593710   0.986320396   0.258620690   0.982758621
   2   9   2   9   0.221088053   0.922860452   0.189655172   0.913793103
   2   9   2   9   0.294442304   0.969628545   0.293103448   0.844827586
   2   9   2   9   0.262182380   0.909965417   0.224137931   0.913793103
   3   0   3   0   0.340850807   0.020809726   0.327586207   0.017241379
   3   0   3   0   0.387510753   0.022706552   0.396551724   0.017241379
   3   0   3   0   0.372076727   0.039987177   0.396551724   0.051724138
   3   0   3   0   0.353086925   0.048631549   0.293103448   0.017241379
   3   0   3   0   0.322565396   0.067010087   0.396551724   0.086206897
   3   0   3   0   0.311743921   0.091938549   0.327586207   0.086206897
   3   0   3   0   0.356419774   0.098792307   0.293103448   0.086206897
   3   0   3   0   0.393390637   0.052129763   0.465517241   0.017241379
   3   1   3   1   0.314342964   0.189891423   0.327586207   0.155172414
   3   1   3   1   0.320211033   0.147955940   0.327586207   0.189655172
   3   1   3   1   0.378213565   0.161460476   0.362068966   0.120689655
   3   1   3   1   0.395364555   0.187165030   0.362068966   0.155172414
   3   1   3   1   0.374351006   0.184549022   0.362068966   0.189655172
   3   1   3   1   0.351047222   0.168108159   0.362068966   0.086206897
   3   1   3   1   0.363789144   0.133975985   0.362068966   0.051724138
   3   1   3   1   0.303836407   0.167809132   0.293103448   0.155172414
   3   1   3   1   0.319082497   0.121597995   0.327586207   0.051724138
   3   1   3   1   0.327544887   0.168160144   0.362068966   0.258620690
   3   1   3   1   0.381652141   0.111849717   0.362068966   0.017241379
   3   1   3   1   0.349175462   0.197320006   0.327586207   0.224137931
   3   2   3   2   0.364843666   0.228322859   0.362068966   0.224137931
   3   2   3   2   0.362513257   0.266636250   0.362068966   0.293103448
   3   2   3   2   0.344368745   0.240455420   0.396551724   0.224137931
   3   2   3   2   0.304960906   0.217117061   0.293103448   0.224137931
   3   2   3   2   0.316419729   0.265420372   0.258620690   0.293103448
   3   2   3   2   0.367947927   0.288240854   0.327586207   0.327586207
   3   2   3   2   0.396696854   0.234937994   0.431034483   0.189655172
   3   3   3   3   0.346963820   0.308164161   0.362068966   0.327586207
   3   3   3   3   0.333609047   0.372325187   0.396551724   0.327586207
   3   3   3   3   0.332516787   0.342968580   0.396551724   0.362068966
   3   3   3   3   0.357357568   0.358301136   0.327586207   0.293103448
   3   3   3   3   0.355893907   0.388640091   0.431034483   0.396551724
   3   3   3   3   0.317968921   0.317500271   0.258620690   0.327586207
   3   4   3   4   0.318010517   0.475549955   0.327586207   0.431034483
   3   4   3   4   0.358049854   0.433730489   0.327586207   0.465517241
   3   4   3   4   0.380028635   0.453529508   0.362068966   0.431034483
   3   4   3   4   0.394147592   0.422074275   0.396551724   0.431034483
   3   4   3   4   0.355718724   0.410433495   0.431034483   0.431034483
   3   4   3   4   0.303954866   0.458200311   0.362068966   0.465517241
   3   4   3   4   0.327069496   0.404188425   0.362068966   0.362068966
   3   4   3   4   0.300837016   0.499118009   0.293103448   0.534482759
   3   5   3   5   0.366711357   0.539666148   0.362068966   0.534482759
   3   5   3   5   0.329036770   0.568624635   0.362068966   0.568965517
   3   5   3   5   0.344193439   0.518953364   0.396551724   0.568965517
   3   5   3   5   0.350174727   0.559915212   0.431034483   0.568965517
   3   5   3   5   0.318913956   0.548380009   0.327586207   0.500000000
   3   5   3   5   0.393564536   0.566248009   0.465517241   0.500000000
   3   5   3   5   0.381615767   0.510745477   0.327586207   0.534482759
   3   6   3   6   0.314409140   0.638179030   0.327586207   0.603448276
   3   6   3   6   0.328170131   0.658878643   0.362068966   0.637931034
   3   6   3   6   0.348444120   0.666178769   0.431034483   0.637931034
   3   6   3   6   0.313101160   0.687710272   0.293103448   0.672413793
   3   6   3   6   0.352165169   0.627262369   0.327586207   0.568965517
   3   6   3   6   0.391827152   0.615404964   0.362068966   0.603448276
   3   6   3   6   0.385915761   0.672205498   0.396551724   0.741379310
   3   6   3   6   0.345838140   0.607909962   0.293103448   0.568965517
   3   7   3   7   0.306186111   0.750254845   0.327586207   0.741379310
   3   7   3   7   0.355512037   0.789035853   0.362068966   0.775862069
   3   7   3   7   0.355124909   0.744357912   0.396551724   0.706896552
   3   7   3   7   0.335940658   0.793247943   0.327586207   0.810344828
   3   7   3   7   0.383612901   0.791683130   0.293103448   0.775862069
   3   7   3   7   0.326200847   0.714273991   0.327586207   0.672413793
   3   7   3   7   0.387088465   0.705106363   0.362068966   0.672413793
   3   8   3   8   0.375979457   0.837628758   0.327586207   0.879310345
   3   8   3   8   0.386666924   0.813871882   0.362068966   0.879310345
   3   8   3   8   0.337565947   0.843614419   0.293103448   0.879310345
   3   8   3   8   0.310190939   0.806719197   0.293103448   0.810344828
   3   8   3   8   0.336190745   0.819675648   0.327586207   0.775862069
   3   8   3   8   0.360914465   0.863311906   0.327586207   0.913793103
   3   8   3   8   0.398100178   0.885287423   0.362068966   0.982758621
   3   8   3   8   0.362937798   0.898583536   0.258620690   0.913793103
   3   8   3   8   0.365672863   0.807088542   0.362068966   0.810344828
   3   8   3   8   0.380153622   0.875928297   0.293103448   0.948275862
   3   9   3   9   0.346583026   0.944012610   0.327586207   0.948275862
   3   9   3   9   0.338250140   0.984901167   0.327586207   0.982758621
   3   9   3   9   0.323935895   0.957136307   0.293103448   0.982758621
   3   9   3   9   0.389744691   0.978369622   0.362068966   0.948275862
   3   9   3   9   0.313974247   0.902949734   0.189655172   0.948275862
   3   9   3   9   0.311177111   0.989796768   0.293103448   0.913793103
   3   9   3   9   0.336701578   0.910083925   0.362068966   0.844827586
   4   0   4   0   0.414970218   0.090933151   0.431034483   0.017241379
   4   0   4   0   0.419856752   0.028293505   0.465517241   0.051724138
   4   0   4   0   0.482139986   0.093335669   0.534482759   0.017241379
   4   0   4   0   0.452719480   0.021378682   0.500000000   0.017241379
   4   0   4   0   0.427263641   0.068445510   0.465517241   0.120689655
   4   0   4   0   0.446490590   0.055780082   0.568965517   0.051724138
   4   0   4   0   0.495794473   0.054271654   0.603448276   0.051724138
   4   0   4   0   0.478484093   0.011020650   0.568965517   0.017241379
   4   0   4   0   0.435956020   0.096609068   0.500000000   0.051724138
   4   0   4   0   0.459201103   0.095225961   0.465517241   0.086206897
   4   1   4   1   0.477312056   0.151432058   0.431034483   0.120689655
   4   1   4   1   0.416585947   0.183147474   0.431034483   0.155172414
   4   1   4   1   0.459654358   0.172819536   0.500000000   0.155172414
   4   1   4   1   0.451058669   0.134371140   0.431034483   0.086206897
   4   1   4   1   0.423094843   0.146116867   0.396551724   0.155172414
   4   1   4   1   0.443281948   0.196641742   0.396551724   0.189655172
   4   1   4   1   0.422382369   0.118368252   0.396551724   0.120689655
   4   1   4   1   0.402017864   0.109486369   0.431034483   0.051724138
   4   1   4   1   0.482348203   0.123786254   0.500000000   0.086206897
   4   2   4   2   0.443605727   0.273998019   0.431034483   0.258620690
   4   2   4   2   0.482081733   0.230216483   0.465517241   0.224137931
   4   2   4   2   0.415373909   0.261461387   0.500000000   0.258620690
   4   2   4   2   0.480432277   0.275973629   0.500000000   0.293103448
   4   2   4   2   0.449309958   0.246155140   0.500000000   0.224137931
   4   2   4   2   0.467078072   0.211674223   0.465517241   0.189655172
   4   2   4   2   0.444558801   0.224348916   0.465517241   0.258620690
   4   2   4   2   0.489801045   0.203883343   0.500000000   0.189655172
   4   3   4   3   0.443361963   0.360089443   0.431034483   0.327586207
   4   3   4   3   0.463287709   0.375509045   0.465517241   0.327586207
   4   3   4   3   0.470288931   0.338570556   0.500000000   0.327586207
   4   3   4   3   0.414138801   0.354788563   0.396551724   0.293103448
   4   3   4   3   0.432123548   0.340100460   0.431034483   0.293103448
   4   3   4   3   0.415739261   0.391026682   0.465517241   0.431034483
   4   3   4   3   0.462017045   0.319299362   0.465517241   0.293103448
   4   3   4   3   0.411141477   0.327081237   0.396551724   0.258620690
   4   3   4   3   0.499815038   0.367707146   0.500000000   0.362068966
   4   3   4   3   0.441664002   0.398092111   0.431034483   0.362068966
   4   3   4   3   0.481323965   0.399382269   0.500000000   0.396551724
   4   3   4   3   0.447701230   0.304987385   0.431034483   0.224137931
   4   4   4   4   0.456100796   0.451769793   0.431034483   0.465517241
   4   4   4   4   0.424159723   0.438293347   0.465517241   0.465517241
   4   4   4   4   0.424846870   0.487682132   0.396551724   0.465517241
   4   4   4   4   0.461369012   0.420234830   0.534482759   0.465517241
   4   4   4   4   0.406462341   0.472985772   0.396551724   0.396551724
   4   4   4   4   0.492742472   0.491273450   0.500000000   0.500000000
   4   4   4   4   0.402906576   0.497303043   0.396551724   0.500000000
   4   4   4   4   0.481077879   0.434959067   0.465517241   0.362068966
   4   5   4   5   0.437702854   0.507766657   0.431034483   0.500000000
   4   5   4   5   0.406775269   0.549101431   0.431034483   0.534482759
   4   5   4   5   0.462011634   0.504224012   0.465517241   0.534482759
   4   5   4   5   0.432806889   0.561156479   0.500000000   0.568965517
   4   5   4   5   0.448259647   0.537812897   0.500000000   0.603448276
   4   5   4   5   0.415225110   0.587887190   0.396551724   0.534482759
   4   5   4   5   0.465627581   0.557226170   0.465517241   0.603448276
   4   5   4   5   0.419823406   0.517027855   0.362068966   0.500000000
   4   5   4   5   0.499168664   0.559282420   0.465517241   0.637931034
   4   6   4   6   0.464073694   0.659442626   0.431034483   0.672413793
   4   6   4   6   0.468507969   0.608843553   0.465517241   0.672413793
   4   6   4   6   0.409773902   0.632802096   0.396551724   0.603448276
   4   6   4   6   0.427988272   0.664130807   0.396551724   0.637931034
   4   6   4   6   0.447260666   0.637487050   0.396551724   0.672413793
   4   6   4   6   0.452507847   0.686645181   0.362068966   0.706896552
   4   6   4   6   0.484902034   0.629091906   0.500000000   0.637931034
   4   6   4   6   0.418051939   0.614377261   0.431034483   0.603448276
   4   6   4   6   0.474669543   0.691150420   0.534482759   0.706896552
   4   6   4   6   0.489134491   0.608832441   0.534482759   0.568965517
   4   7   4   7   0.428520549   0.716231592   0.431034483   0.706896552
   4   7   4   7   0.457614541   0.751581207   0.431034483   0.741379310
   4   7   4   7   0.450164282   0.794396146   0.465517241   0.741379310
   4   7   4   7   0.477726335   0.751042267   0.465517241   0.775862069
   4   7   4   7   0.437423252   0.761026897   0.396551724   0.775862069
   4   7   4   7   0.421766297   0.743067415   0.362068966   0.741379310
   4   7   4   7   0.478760622   0.720176517   0.500000000   0.741379310
   4   7   4   7   0.479690170   0.781504599   0.534482759   0.775862069
   4   7   4   7   0.499859477   0.772242848   0.465517241   0.810344828
   4   7   4   7   0.412863990   0.797752994   0.396551724   0.810344828
   4   8   4   8   0.406091899   0.866815156   0.431034483   0.844827586
   4   8   4   8   0.445889722   0.842044571   0.431034483   0.879310345
   4   8   4   8   0.426704117   0.834391044   0.465517241   0.844827586
   4   8   4   8   0.457935097   0.861441049   0.500000000   0.879310345
   4   8   4   8   0.490046317   0.824645586   0.431034483   0.775862069
   4   8   4   8   0.458697587   0.821517022   0.431034483   0.810344828
   4   8   4   8   0.434637198   0.869809375   0.396551724   0.879310345
   4   8   4   8   0.406411894   0.834240476   0.396551724   0.844827586
   4   8   4   8   0.464691638   0.886324937   0.534482759   0.879310345
   4   8   4   8   0.487364185   0.846736258   0.500000000   0.775862069
   4   9   4   9   0.437839356   0.924750601   0.431034483   0.913793103
   4   9   4   9   0.441355728   0.950488050   0.431034483   0.948275862
   4   9   4   9   0.477152490   0.986354830   0.465517241   0.948275862
   4   9   4   9   0.425033704   0.975689681   0.396551724   0.982758621
   4   9   4   9   0.462259590   0.929532083   0.396551724   0.913793103
   4   9   4   9   0.414426352   0.932434634   0.396551724   0.948275862
   4   9   4   9   0.481904785   0.921138004   0.465517241   0.982758621
   4   9   4   9   0.410320243   0.908311922   0.362068966   0.913793103
   4   9   4   9   0.447238418   0.906674774   0.465517241   0.913793103
   4   9   4   9   0.499122947   0.961595695   0.500000000   0.982758621
   5   0   5   0   0.510849934   0.073137919   0.568965517   0.086206897
   5   0   5   0   0.506682531   0.033143960   0.603448276   0.017241379
   5   0   5   0   0.591515308   0.054105456   0.603448276   0.086206897
   5   0   5   0   0.579205924   0.034322974   0.637931034   0.017241379
   5   0   5   0   0.595768789   0.016390474   0.672413793   0.017241379
   5   1   5   1   0.533572354   0.181925055   0.500000000   0.120689655
   5   1   5   1   0.557983701   0.141842998   0.534482759   0.120689655
   5   1   5   1   0.508680849   0.169747757   0.534482759   0.155172414
   5   1   5   1   0.586742184   0.191384049   0.568965517   0.155172414
   5   1   5   1   0.558028532   0.178549115   0.603448276   0.120689655
   5   1   5   1   0.578255757   0.102305905   0.534482759   0.086206897
   5   1   5   1   0.567970199   0.160956530   0.603448276   0.155172414
   5   1   5   1   0.555711514   0.104959413   0.534482759   0.051724138
   5   1   5   1   0.590735053   0.133546096   0.637931034   0.155172414
   5   2   5   2   0.583257609   0.236686803   0.534482759   0.258620690
   5   2   5   2   0.540210658   0.273848285   0.534482759   0.293103448
   5   2   5   2   0.581455286   0.287581739   0.568965517   0.293103448
   5   2   5   2   0.539360082   0.243586072   0.534482759   0.189655172
   5   2   5   2   0.505731521   0.246312294   0.465517241   0.155172414
   5   2   5   2   0.556674612   0.254404325   0.534482759   0.362068966
   5   2   5   2   0.515852952   0.293015452   0.534482759   0.224137931
   5   2   5   2   0.561717260   0.204291818   0.568965517   0.189655172
   5   3   5   3   0.521828920   0.342753891   0.534482759   0.396551724
   5   3   5   3   0.539827361   0.334001068   0.568965517   0.327586207
   5   3   5   3   0.561968195   0.356602840   0.568965517   0.362068966
   5   3   5   3   0.530221259   0.311999474   0.603448276   0.327586207
   5   3   5   3   0.587101043   0.343367627   0.603448276   0.293103448
   5   3   5   3   0.556674586   0.394963162   0.568965517   0.396551724
   5   3   5   3   0.528219298   0.371057283   0.568965517   0.431034483
   5   3   5   3   0.577665049   0.395368054   0.637931034   0.396551724
   5   3   5   3   0.500458337   0.329582553   0.534482759   0.327586207
   5   4   5   4   0.548458166   0.442069989   0.534482759   0.431034483
   5   4   5   4   0.570969486   0.446548564   0.534482759   0.500000000
   5   4   5   4   0.590361424   0.419301200   0.603448276   0.431034483
   5   4   5   4   0.503818327   0.434507696   0.500000000   0.431034483
   5   4   5   4   0.501836774   0.406625808   0.465517241   0.396551724
   5   4   5   4   0.584466297   0.465712920   0.534482759   0.534482759
   5   4   5   4   0.529400957   0.462006884   0.465517241   0.568965517
   5   4   5   4   0.509317251   0.470445286   0.500000000   0.465517241
   5   5   5   5   0.551169157   0.516238711   0.500000000   0.534482759
   5   5   5   5   0.563955747   0.540386807   0.568965517   0.500000000
   5   5   5   5   0.544361777   0.547915046   0.568965517   0.534482759
   5   5   5   5   0.544078034   0.576506402   0.568965517   0.568965517
   5   5   5   5   0.579676462   0.580083708   0.603448276   0.534482759
   5   5   5   5   0.575336564   0.514052521   0.568965517   0.465517241
   5   6   5   6   0.564081932   0.620733910   0.534482759   0.603448276
   5   6   5   6   0.534819324   0.656415751   0.534482759   0.672413793
   5   6   5   6   0.550574367   0.669816404   0.568965517   0.637931034
   5   6   5   6   0.536615555   0.615695222   0.603448276   0.637931034
   5   6   5   6   0.573600749   0.644907692   0.637931034   0.672413793
   5   6   5   6   0.516604469   0.638448210   0.534482759   0.637931034
   5   6   5   6   0.590006759   0.614130834   0.568965517   0.603448276
   5   6   5   6   0.501066428   0.668358711   0.500000000   0.672413793
   5   7   5   7   0.572888553   0.725734496   0.534482759   0.741379310
   5   7   5   7   0.597355488   0.723482545   0.568965517   0.706896552
   5   7   5   7   0.592504034   0.747791460   0.568965517   0.775862069
   5   7   5   7   0.571876406   0.763809547   0.534482759   0.810344828
   5   7   5   7   0.520035119   0.705747419   0.603448276   0.706896552
   5   7   5   7   0.553677145   0.753523100   0.500000000   0.706896552
   5   7   5   7   0.521074388   0.731625411   0.465517241   0.706896552
   5   7   5   7   0.591122610   0.796807736   0.603448276   0.775862069
   5   8   5   8   0.521902184   0.848417643   0.500000000   0.844827586
   5   8   5   8   0.584254866   0.841683225   0.568965517   0.810344828
   5   8   5   8   0.579524143   0.882791301   0.568965517   0.844827586
   5   8   5   8   0.553610544   0.824445629   0.500000000   0.810344828
   5   8   5   8   0.572674691   0.810268899   0.603448276   0.810344828
   5   8   5   8   0.537313834   0.886019153   0.500000000   0.913793103
   5   8   5   8   0.501859473   0.876114491   0.534482759   0.844827586
   5   9   5   9   0.532149337   0.917564904   0.500000000   0.948275862
   5   9   5   9   0.568729597   0.930892821   0.534482759   0.913793103
   5   9   5   9   0.527475144   0.945878074   0.534482759   0.948275862
   5   9   5   9   0.530643886   0.968049862   0.534482759   0.982758621
   5   9   5   9   0.581755945   0.975871379   0.568965517   0.948275862
   5   9   5   9   0.566721516   0.952285137   0.603448276   0.982758621
   5   9   5   9   0.569525700   0.910009172   0.568965517   0.879310345
   5   9   5   9   0.548754639   0.984598966   0.637931034   0.982758621
   5   9   5   9   0.599139284   0.931957446   0.603448276   0.879310345
   5   9   5   9   0.501667182   0.917317598   0.465517241   0.879310345
   5   9   5   9   0.506019820   0.980868876   0.431034483   0.982758621
   5   9   5   9   0.599209963   0.905193998   0.603448276   0.913793103
   6   0   6   0   0.642395698   0.027159061   0.637931034   0.051724138
   6   0   6   0   0.664735998   0.067599736   0.672413793   0.051724138
   6   0   6   0   0.617040665   0.017306224   0.706896552   0.051724138
   6   0   6   0   0.622092379   0.037784177   0.568965517   0.120689655
   6   0   6   0   0.621556204   0.060323821   0.637931034   0.086206897
   6   0   6   0   0.698044120   0.018052243   0.706896552   0.017241379
   6   0   6   0   0.601130640   0.088318586   0.637931034   0.120689655
   6   0   6   0   0.697111529   0.052868134   0.741379310   0.051724138
   6   1   6   1   0.681712167   0.123868077   0.672413793   0.120689655
   6   1   6   1   0.654298923   0.170272649   0.672413793   0.155172414
   6   1   6   1   0.601042936   0.151535822   0.672413793   0.189655172
   6   1   6   1   0.632161082   0.185031939   0.672413793   0.224137931
   6   1   6   1   0.648430140   0.151051879   0.706896552   0.155172414
   6   1   6   1   0.607108413   0.176712387   0.637931034   0.189655172
   6   1   6   1   0.656812395   0.125027894   0.672413793   0.086206897
   6   1   6   1   0.652716586   0.195094684   0.637931034   0.224137931
   6   2   6   2   0.640948519   0.228257120   0.637931034   0.258620690
   6   2   6   2   0.680197131   0.276258148   0.672413793   0.258620690
   6   2   6   2   0.647642558   0.278662101   0.672413793   0.293103448
   6   2   6   2   0.668787495   0.297689856   0.706896552   0.293103448
   6   2   6   2   0.671903292   0.231002198   0.603448276   0.224137931
   6   2   6   2   0.612874616   0.217700785   0.603448276   0.189655172
   6   2   6   2   0.634788369   0.259789703   0.568965517   0.224137931
   6   2   6   2   0.630896276   0.289667221   0.568965517   0.258620690
   6   2   6   2   0.696940548   0.263791363   0.706896552   0.224137931
   6   2   6   2   0.679662493   0.206663243   0.706896552   0.189655172
   6   3   6   3   0.672427184   0.333801870   0.637931034   0.327586207
   6   3   6   3   0.648279227   0.399806494   0.637931034   0.362068966
   6   3   6   3   0.631925808   0.343686178   0.672413793   0.362068966
   6   3   6   3   0.662355532   0.364750235   0.672413793   0.396551724
   6   3   6   3   0.618331177   0.313456074   0.603448276   0.258620690
   6   3   6   3   0.650113647   0.316682039   0.637931034   0.293103448
   6   3   6   3   0.687951793   0.316134206   0.706896552   0.327586207
   6   3   6   3   0.605364951   0.358100230   0.603448276   0.362068966
   6   4   6   4   0.631795399   0.446639381   0.603448276   0.465517241
   6   4   6   4   0.651074554   0.464263431   0.637931034   0.431034483
   6   4   6   4   0.683323309   0.475240219   0.637931034   0.500000000
   6   4   6   4   0.615415039   0.476534813   0.603448276   0.396551724
   6   4   6   4   0.669210555   0.442302064   0.706896552   0.431034483
   6   4   6   4   0.668108946   0.489023250   0.672413793   0.500000000
   6   4   6   4   0.667182386   0.422185752   0.672413793   0.431034483
   6   5   6   5   0.600509934   0.523775641   0.603448276   0.500000000
   6   5   6   5   0.601030931   0.593112475   0.603448276   0.568965517
   6   5   6   5   0.610554560   0.542956238   0.637931034   0.534482759
   6   5   6   5   0.633450256   0.541295304   0.672413793   0.534482759
   6   5   6   5   0.670628281   0.584851424   0.672413793   0.568965517
   6   5   6   5   0.602734764   0.567956057   0.706896552   0.500000000
   6   5   6   5   0.636390657   0.588567342   0.706896552   0.534482759
   6   5   6   5   0.683980053   0.549589100   0.741379310   0.534482759
   6   5   6   5   0.655812645   0.517297144   0.637931034   0.465517241
   6   5   6   5   0.677161059   0.525385577   0.741379310   0.465517241
   6   5   6   5   0.691287119   0.583918515   0.741379310   0.637931034
   6   6   6   6   0.632357459   0.636606990   0.637931034   0.637931034
   6   6   6   6   0.677373014   0.648865290   0.672413793   0.603448276
   6   6   6   6   0.652881191   0.681286763   0.672413793   0.672413793
   6   6   6   6   0.634875000   0.662572491   0.637931034   0.603448276
   6   6   6   6   0.675799496   0.627437407   0.637931034   0.568965517
   6   6   6   6   0.611956258   0.624739376   0.603448276   0.603448276
   6   6   6   6   0.695456992   0.640109433   0.741379310   0.603448276
   6   6   6   6   0.618314913   0.694151798   0.637931034   0.706896552
   6   6   6   6   0.695595013   0.676204820   0.603448276   0.672413793
   6   6   6   6   0.603269054   0.649146889   0.568965517   0.672413793
   6   7   6   7   0.693146212   0.769063771   0.672413793   0.775862069
   6   7   6   7   0.640915562   0.771316535   0.603448276   0.741379310
   6   7   6   7   0.679162985   0.707162383   0.706896552   0.741379310
   6   7   6   7   0.664263251   0.726817167   0.637931034   0.775862069
   6   7   6   7   0.622205024   0.759731439   0.568965517   0.741379310
   6   7   6   7   0.604924721   0.770746461   0.672413793   0.844827586
   6   7   6   7   0.639417937   0.707555025   0.672413793   0.741379310
   6   7   6   7   0.695288140   0.798770388   0.706896552   0.844827586
   6   8   6   8   0.630951592   0.891021322   0.603448276   0.844827586
   6   8   6   8   0.609000137   0.835250746   0.637931034   0.810344828
   6   8   6   8   0.650651680   0.858236934   0.637931034   0.879310345
   6   8   6   8   0.680339448   0.850835839   0.706896552   0.810344828
   6   8   6   8   0.684778166   0.824065288   0.741379310   0.844827586
   6   8   6   8   0.652960977   0.834300967   0.637931034   0.741379310
   6   8   6   8   0.622407830   0.863029926   0.637931034   0.844827586
   6   9   6   9   0.663052677   0.958427745   0.603448276   0.948275862
   6   9   6   9   0.660983354   0.910126162   0.672413793   0.948275862
   6   9   6   9   0.676908719   0.983740273   0.672413793   0.982758621
   6   9   6   9   0.629436909   0.969880133   0.568965517   0.913793103
   6   9   6   9   0.633210056   0.918559110   0.672413793   0.913793103
   6   9   6   9   0.654271881   0.982154401   0.568965517   0.982758621
   6   9   6   9   0.626923870   0.947497983   0.637931034   0.948275862
   6   9   6   9   0.697373702   0.912518996   0.637931034   0.913793103
   7   0   7   0   0.723794078   0.042708953   0.741379310   0.017241379
   7   0   7   0   0.761857693   0.083132003   0.741379310   0.086206897
   7   0   7   0   0.749032389   0.024390312   0.775862069   0.017241379
   7   0   7   0   0.759120258   0.058124242   0.775862069   0.051724138
   7   0   7   0   0.722073696   0.073989202   0.706896552   0.120689655
   7   0   7   0   0.782854323   0.033395695   0.810344828   0.051724138
   7   0   7   0   0.708035975   0.092261144   0.706896552   0.086206897
   7   1   7   1   0.754374094   0.146253806   0.741379310   0.155172414
   7   1   7   1   0.710221715   0.173106682   0.741379310   0.189655172
   7   1   7   1   0.702618001   0.132664823   0.775862069   0.120689655
   7   1   7   1   0.715426079   0.148226779   0.775862069   0.155172414
   7   1   7   1   0.736461416   0.162413940   0.775862069   0.189655172
   7   1   7   1   0.766629016   0.130037841   0.741379310   0.120689655
   7   1   7   1   0.725562698   0.190883943   0.775862069   0.224137931
   7   1   7   1   0.798207228   0.196029365   0.844827586   0.120689655
   7   2   7   2   0.757099598   0.263915082   0.706896552   0.258620690
   7   2   7   2   0.726726280   0.264075502   0.741379310   0.224137931
   7   2   7   2   0.763236385   0.293166335   0.775862069   0.258620690
   7   2   7   2   0.729611474   0.213485195   0.810344828   0.189655172
   7   2   7   2   0.744941241   0.280431354   0.672413793   0.327586207
   7   2   7   2   0.752064366   0.206554651   0.844827586   0.155172414
   7   2   7   2   0.798810310   0.273594725   0.810344828   0.293103448
   7   3   7   3   0.732797723   0.382676759   0.741379310   0.327586207
   7   3   7   3   0.715949119   0.360046072   0.741379310   0.362068966
   7   3   7   3   0.786990928   0.308375690   0.775862069   0.327586207
   7   3   7   3   0.786524876   0.331690268   0.775862069   0.362068966
   7   3   7   3   0.746629493   0.360233654   0.741379310   0.293103448
   7   3   7   3   0.773542945   0.395910482   0.810344828   0.396551724
   7   3   7   3   0.726803621   0.327824801   0.741379310   0.258620690
   7   3   7   3   0.746631927   0.325176548   0.775862069   0.293103448
   7   3   7   3   0.795337390   0.382599052   0.810344828   0.362068966
   7   4   7   4   0.747983414   0.484295576   0.775862069   0.431034483
   7   4   7   4   0.763683468   0.451325170   0.775862069   0.465517241
   7   4   7   4   0.777049984   0.490363872   0.706896552   0.396551724
   7   4   7   4   0.716108248   0.461624326   0.706896552   0.362068966
   7   4   7   4   0.722113052   0.432035757   0.775862069   0.396551724
   7   4   7   4   0.722883834   0.486010098   0.672413793   0.465517241
   7   4   7   4   0.797556753   0.474418371   0.810344828   0.431034483
   7   4   7   4   0.719083376   0.407172681   0.741379310   0.396551724
   7   5   7   5   0.710167907   0.553378847   0.706896552   0.568965517
   7   5   7   5   0.774899574   0.514197880   0.741379310   0.500000000
   7   5   7   5   0.737553801   0.534024405   0.741379310   0.568965517
   7   5   7   5   0.746121867   0.567418957   0.775862069   0.500000000
   7   5   7   5   0.784570248   0.585326654   0.775862069   0.534482759
   7   5   7   5   0.788310968   0.552198171   0.810344828   0.500000000
   7   5   7   5   0.703699273   0.526440262   0.706896552   0.465517241
   7   5   7   5   0.714384408   0.585188854   0.706896552   0.637931034
   7   5   7   5   0.786855707   0.532128957   0.810344828   0.534482759
   7   5   7   5   0.735968809   0.596769951   0.706896552   0.603448276
   7   6   7   6   0.731824704   0.629923187   0.706896552   0.672413793
   7   6   7   6   0.771591147   0.656443808   0.741379310   0.672413793
   7   6   7   6   0.757518681   0.684955836   0.741379310   0.706896552
   7   6   7   6   0.756740171   0.626291610   0.775862069   0.603448276
   7   6   7   6   0.716586163   0.643667158   0.672413793   0.637931034
   7   6   7   6   0.798861471   0.622721101   0.810344828   0.568965517
   7   6   7   6   0.730406300   0.687941890   0.672413793   0.706896552
   7   7   7   7   0.736008496   0.776323385   0.741379310   0.775862069
   7   7   7   7   0.785094360   0.792121444   0.775862069   0.775862069
   7   7   7   7   0.746811835   0.754205261   0.741379310   0.810344828
   7   7   7   7   0.779238421   0.737977386   0.810344828   0.741379310
   7   7   7   7   0.769644308   0.771044808   0.775862069   0.844827586
   7   7   7   7   0.759022222   0.724771358   0.775862069   0.672413793
   7   7   7   7   0.704389339   0.721850524   0.775862069   0.741379310
   7   7   7   7   0.720524910   0.791391266   0.706896552   0.706896552
   7   8   7   8   0.797251248   0.898210027   0.741379310   0.879310345
   7   8   7   8   0.782871520   0.881547710   0.775862069   0.879310345
   7   8   7   8   0.755038832   0.807288464   0.706896552   0.775862069
   7   8   7   8   0.714611292   0.827968176   0.706896552   0.913793103
   7   8   7   8   0.703895226   0.866065072   0.672413793   0.810344828
   7   8   7   8   0.748028292   0.869923036   0.672413793   0.879310345
   7   8   7   8   0.777104598   0.850062329   0.775862069   0.810344828
   7   8   7   8   0.797975072   0.866990282   0.810344828   0.913793103
   7   9   7   9   0.762878848   0.948276924   0.741379310   0.913793103
   7   9   7   9   0.740635234   0.904267384   0.741379310   0.948275862
   7   9   7   9   0.706572213   0.933389717   0.741379310   0.982758621
   7   9   7   9   0.744797975   0.971678441   0.775862069   0.948275862
   7   9   7   9   0.778564379   0.968248216   0.775862069   0.982758621
   7   9   7   9   0.729136562   0.947585951   0.706896552   0.982758621
   7   9   7   9   0.733551053   0.988280939   0.706896552   0.948275862
   7   9   7   9   0.786806101   0.927156259   0.844827586   0.948275862
   7   9   7   9   0.728340403   0.924086768   0.706896552   0.879310345
   8   0   8   0   0.801029029   0.011903439   0.810344828   0.017241379
   8   0   8   0   0.822074299   0.054119262   0.810344828   0.086206897
   8   0   8   0   0.827541468   0.029030976   0.844827586   0.017241379
   8   0   8   0   0.841952097   0.011742410   0.879310345   0.051724138
   8   0   8   0   0.857052935   0.076722798   0.879310345   0.086206897
   8   0   8   0   0.816924451   0.076482281   0.844827586   0.086206897
   8   0   8   0   0.888881378   0.082371045   0.913793103   0.086206897
   8   0   8   0   0.895091191   0.014902756   0.913793103   0.017241379
   8   0   8   0   0.879671292   0.031778182   0.879310345   0.017241379
   8   1   8   1   0.852613900   0.133652269   0.810344828   0.120689655
   8   1   8   1   0.894806066   0.184730741   0.913793103   0.155172414
   8   1   8   1   0.843338346   0.181895442   0.775862069   0.086206897
   8   1   8   1   0.868441765   0.147187640   0.913793103   0.120689655
   8   1   8   1   0.896560535   0.117506132   0.844827586   0.051724138
   8   1   8   1   0.817953638   0.181041710   0.810344828   0.155172414
   8   2   8   2   0.830716843   0.265637354   0.810344828   0.224137931
   8   2   8   2   0.878274021   0.205090270   0.844827586   0.224137931
   8   2   8   2   0.848793771   0.232953717   0.844827586   0.258620690
   8   2   8   2   0.882224003   0.261449164   0.879310345   0.224137931
   8   2   8   2   0.834052955   0.212341715   0.879310345   0.293103448
   8   2   8   2   0.803240111   0.219222547   0.844827586   0.189655172
   8   2   8   2   0.859686443   0.281021207   0.844827586   0.293103448
   8   2   8   2   0.891919563   0.295070430   0.879310345   0.327586207
   8   2   8   2   0.810282033   0.292941919   0.810344828   0.258620690
   8   3   8   3   0.810836442   0.330694854   0.810344828   0.327586207
   8   3   8   3   0.829305954   0.347557298   0.844827586   0.327586207
   8   3   8   3   0.827151425   0.389313667   0.879310345   0.362068966
   8   3   8   3   0.848580453   0.323673233   0.913793103   0.293103448
   8   3   8   3   0.874280699   0.384002586   0.879310345   0.396551724
   8   4   8   4   0.818482658   0.467644635   0.844827586   0.431034483
   8   4   8   4   0.871277564   0.472681029   0.844827586   0.465517241
   8   4   8   4   0.835338140   0.445967834   0.879310345   0.431034483
   8   4   8   4   0.826618840   0.423953675   0.844827586   0.396551724
   8   4   8   4   0.872309409   0.443135370   0.913793103   0.431034483
   8   4   8   4   0.899490253   0.417530901   0.913793103   0.465517241
   8   4   8   4   0.845179185   0.480739102   0.844827586   0.500000000
   8   4   8   4   0.862284059   0.405302770   0.844827586   0.362068966
   8   4   8   4   0.817992827   0.496507555   0.810344828   0.465517241
   8   4   8   4   0.802494161   0.450248634   0.741379310   0.431034483
   8   4   8   4   0.875519759   0.422894174   0.913793103   0.396551724
   8   4   8   4   0.888033516   0.457529876   0.913793103   0.500000000
   8   5   8   5   0.857181368   0.546898048   0.844827586   0.534482759
   8   5   8   5   0.848351336   0.596634791   0.844827586   0.568965517
   8   5   8   5   0.836445606   0.508955757   0.879310345   0.534482759
   8   5   8   5   0.876718768   0.522546550   0.879310345   0.568965517
   8   5   8   5   0.824744957   0.533263982   0.775862069   0.568965517
   8   5   8   5   0.821171918   0.566875284   0.775862069   0.637931034
   8   5   8   5   0.880635055   0.548997850   0.948275862   0.500000000
   8   5   8   5   0.856516712   0.503832824   0.879310345   0.465517241
   8   5   8   5   0.898405786   0.522896688   0.948275862   0.534482759
   8   6   8   6   0.856492968   0.650446224   0.810344828   0.637931034
   8   6   8   6   0.871792505   0.617756120   0.844827586   0.672413793
   8   6   8   6   0.875687942   0.671372854   0.879310345   0.637931034
   8   6   8   6   0.831170430   0.684504823   0.775862069   0.706896552
   8   6   8   6   0.883167335   0.697478924   0.948275862   0.637931034
   8   6   8   6   0.819968582   0.600158534   0.810344828   0.603448276
   8   6   8   6   0.827675668   0.664579908   0.844827586   0.637931034
   8   6   8   6   0.852820284   0.681735614   0.913793103   0.741379310
   8   6   8   6   0.800992522   0.680510093   0.741379310   0.741379310
   8   7   8   7   0.873062385   0.781220717   0.810344828   0.706896552
   8   7   8   7   0.825264762   0.760067205   0.844827586   0.741379310
   8   7   8   7   0.835610337   0.734882909   0.879310345   0.741379310
   8   7   8   7   0.869215524   0.742368091   0.879310345   0.775862069
   8   7   8   7   0.845633603   0.775549151   0.810344828   0.672413793
   8   7   8   7   0.898465769   0.716224228   0.948275862   0.741379310
   8   7   8   7   0.850106985   0.714824774   0.844827586   0.706896552
   8   7   8   7   0.818163750   0.790151548   0.810344828   0.775862069
   8   7   8   7   0.845201510   0.799990168   0.810344828   0.810344828
   8   8   8   8   0.822359802   0.840303019   0.810344828   0.844827586
   8   8   8   8   0.880167476   0.818233326   0.844827586   0.810344828
   8   8   8   8   0.833199789   0.861560722   0.844827586   0.844827586
   8   8   8   8   0.857110923   0.859051544   0.879310345   0.879310345
   8   8   8   8   0.825195583   0.883418408   0.810344828   0.879310345
   8   8   8   8   0.897401426   0.807556586   0.844827586   0.775862069
   8   8   8   8   0.894740327   0.897563393   0.879310345   0.844827586
   8   8   8   8   0.879238058   0.864504803   0.879310345   0.982758621
   8   9   8   9   0.808354026   0.978652156   0.810344828   0.948275862
   8   9   8   9   0.852707354   0.979394836   0.810344828   0.982758621
   8   9   8   9   0.849930307   0.925092639   0.844827586   0.913793103
   8   9   8   9   0.874346532   0.951255984   0.844827586   0.982758621
   8   9   8   9   0.875965159   0.985104184   0.913793103   0.982758621
   8   9   8   9   0.807858308   0.917968036   0.879310345   0.913793103
   8   9   8   9   0.826505103   0.956070311   0.775862069   0.913793103
   9   0   9   0   0.954001193   0.055561331   0.948275862   0.017241379
   9   0   9   0   0.979441331   0.045862201   0.948275862   0.086206897
   9   0   9   0   0.981413437   0.023021357   0.982758621   0.051724138
   9   0   9   0   0.984299697   0.078352312   0.982758621   0.086206897
   9   0   9   0   0.943780501   0.076971471   0.948275862   0.120689655
   9   0   9   0   0.905391868   0.040498032   0.982758621   0.017241379
   9   1   9   1   0.936138019   0.137071815   0.948275862   0.155172414
   9   1   9   1   0.979310458   0.179437363   0.982758621   0.120689655
   9   1   9   1   0.966873602   0.158067774   0.982758621   0.155172414
   9   1   9   1   0.917307967   0.162609079   0.982758621   0.189655172
   9   1   9   1   0.945025363   0.155434151   0.982758621   0.224137931
   9   1   9   1   0.967273050   0.135349587   0.913793103   0.051724138
   9   1   9   1   0.936100630   0.108415414   0.948275862   0.051724138
   9   1   9   1   0.913376375   0.136067929   0.879310345   0.120689655
   9   2   9   2   0.948002248   0.230083468   0.913793103   0.224137931
   9   2   9   2   0.924834265   0.261395056   0.913793103   0.258620690
   9   2   9   2   0.972237886   0.286832368   0.948275862   0.258620690
   9   2   9   2   0.979551025   0.215160607   0.982758621   0.258620690
   9   2   9   2   0.986234637   0.268714479   0.948275862   0.189655172
   9   2   9   2   0.958506820   0.249775504   0.879310345   0.258620690
   9   2   9   2   0.927593516   0.228428099   0.879310345   0.189655172
   9   2   9   2   0.903008542   0.205911405   0.879310345   0.155172414
   9   2   9   2   0.962282780   0.204434382   0.913793103   0.189655172
   9   3   9   3   0.945678559   0.358244357   0.948275862   0.327586207
   9   3   9   3   0.923267084   0.366916717   0.948275862   0.362068966
   9   3   9   3   0.943292579   0.381954944   0.948275862   0.396551724
   9   3   9   3   0.983683399   0.354651830   0.982758621   0.327586207
   9   3   9   3   0.962221419   0.371194902   0.982758621   0.362068966
   9   3   9   3   0.962612559   0.345516662   0.948275862   0.293103448
   9   3   9   3   0.966043370   0.312620945   0.982758621   0.293103448
   9   3   9   3   0.924606749   0.345765906   0.948275862   0.224137931
   9   3   9   3   0.959101215   0.398896159   0.948275862   0.431034483
   9   4   9   4   0.952935971   0.488454195   0.948275862   0.465517241
   9   4   9   4   0.929952573   0.438758039   0.982758621   0.431034483
   9   4   9   4   0.968838715   0.465157259   0.982758621   0.465517241
   9   4   9   4   0.907758149   0.448697259   0.913793103   0.362068966
   9   4   9   4   0.973928930   0.488303813   0.982758621   0.396551724
   9   4   9   4   0.944264039   0.418300506   0.913793103   0.327586207
   9   4   9   4   0.902116871   0.481783939   0.913793103   0.534482759
   9   5   9   5   0.986986656   0.566942773   0.948275862   0.568965517
   9   5   9   5   0.963035897   0.525078671   0.982758621   0.534482759
   9   5   9   5   0.982807232   0.543306822   0.948275862   0.603448276
   9   5   9   5   0.948964042   0.551190913   0.879310345   0.603448276
   9   5   9   5   0.937402708   0.507366444   0.982758621   0.500000000
   9   5   9   5   0.925685611   0.583902932   0.844827586   0.603448276
   9   5   9   5   0.982438043   0.589267451   0.982758621   0.637931034
   9   5   9   5   0.912870664   0.502305785   0.879310345   0.500000000
   9   5   9   5   0.907883047   0.573314812   0.913793103   0.568965517
   9   6   9   6   0.964163692   0.680591728   0.913793103   0.672413793
   9   6   9   6   0.936540316   0.681427575   0.948275862   0.672413793
   9   6   9   6   0.984960541   0.634291292   0.982758621   0.603448276
   9   6   9   6   0.986286084   0.663220639   0.982758621   0.672413793
   9   6   9   6   0.959671102   0.644370497   0.913793103   0.603448276
   9   6   9   6   0.926008815   0.617148399   0.982758621   0.568965517
   9   6   9   6   0.920281809   0.638711153   0.913793103   0.637931034
   9   7   9   7   0.956604457   0.730755151   0.948275862   0.706896552
   9   7   9   7   0.928831766   0.786941224   0.948275862   0.775862069
   9   7   9   7   0.979631429   0.704519561   0.982758621   0.706896552
   9   7   9   7   0.989181433   0.736788595   0.982758621   0.741379310
   9   7   9   7   0.985433626   0.764240165   0.982758621   0.775862069
   9   7   9   7   0.951980657   0.762771056   0.982758621   0.810344828
   9   7   9   7   0.944577991   0.712470818   0.879310345   0.706896552
   9   7   9   7   0.918194528   0.759476703   0.879310345   0.672413793
   9   7   9   7   0.949387938   0.784143937   0.948275862   0.844827586
   9   7   9   7   0.928559934   0.730303902   0.913793103   0.706896552
   9   8   9   8   0.944008104   0.830633698   0.913793103   0.844827586
   9   8   9   8   0.986062723   0.833360092   0.982758621   0.844827586
   9   8   9   8   0.987339679   0.861040169   0.982758621   0.879310345
   9   8   9   8   0.965468576   0.838745898   0.913793103   0.810344828
   9   8   9   8   0.918634601   0.810555500   0.913793103   0.775862069
   9   8   9   8   0.930220314   0.894800145   0.844827586   0.879310345
   9   8   9   8   0.969580738   0.804624263   0.948275862   0.810344828
   9   8   9   8   0.915419636   0.867413954   0.879310345   0.810344828
   9   9   9   9   0.928600258   0.988659465   0.913793103   0.913793103
   9   9   9   9   0.921584267   0.915985112   0.948275862   0.913793103
   9   9   9   9   0.944728006   0.951770123   0.948275862   0.948275862
   9   9   9   9   0.963132733   0.988904305   0.948275862   0.982758621
   9   9   9   9   0.985618543   0.940806168   0.982758621   0.913793103
   9   9   9   9   0.963885765   0.966542110   0.982758621   0.948275862
   9   9   9   9   0.985560308   0.978411173   0.982758621   0.982758621
   9   9   9   9   0.971367302   0.914908000   0.948275862   0.879310345
   9   9   9   9   0.926158662   0.942178309   0.913793103   0.879310345
   9   9   9   9   0.912007042   0.971192812   0.913793103   0.948275862
   9   9   9   9   0.902554842   0.930834013   0.879310345   0.948275862
