# ix  iyhoodxhoody             x             y         x_org         y_org
   0   0   0   0   0.017241251   0.017242939   0.017241379   0.017241379
   0   0   0   0   0.042161482   0.034502336   0.017241379   0.051724138
   0   0   0   0   0.011180212   0.088698868   0.017241379   0.086206897
   0   0   0   0   0.079594716   0.014199282   0.051724138   0.017241379
   0   0   0   0   0.061073674   0.062274345   0.051724138   0.051724138
   0   0   0   0   0.049616804   0.083721687   0.051724138   0.086206897
   0   0   0   0   0.081431746   0.035954683   0.155172414   0.051724138
   0   1   0   1   0.010595338   0.127110941   0.017241379   0.120689655
   0   1   0   1   0.029106239   0.137967953   0.017241379   0.155172414
   0   1   0   1   0.017190151   0.183616476   0.017241379   0.189655172
   0   1   0   1   0.062823885   0.126464117   0.051724138   0.120689655
   0   1   0   1   0.052243294   0.171066631   0.051724138   0.155172414
   0   1   0   1   0.080314247   0.155478747   0.086206897   0.155172414
   0   1   0   1   0.093061621   0.174373497   0.086206897   0.189655172
   0   1   0   1   0.078596777   0.111867695   0.086206897   0.086206897
   0   1   0   1   0.078020435   0.192219356   0.051724138   0.189655172
   0   1   0   1   0.088889652   0.136044761   0.155172414   0.189655172
   0   1   0   1   0.038362120   0.198579822   0.051724138   0.224137931
   0   2   0   2   0.016767438   0.244779557   0.017241379   0.224137931
   0   2   0   2   0.031387716   0.268606272   0.017241379   0.258620690
   0   2   0   2   0.037704575   0.298115788   0.017241379   0.293103448
   0   2   0   2   0.036007894   0.238455834   0.051724138   0.258620690
   0   2   0   2   0.070693889   0.288490178   0.051724138   0.293103448
   0   2   0   2   0.061744916   0.238768643   0.120689655   0.258620690
   0   3   0   3   0.024585034   0.313520246   0.017241379   0.327586207
   0   3   0   3   0.011122475   0.355834996   0.017241379   0.362068966
   0   3   0   3   0.058018131   0.391034558   0.051724138   0.362068966
   0   3   0   3   0.079065375   0.350769930   0.086206897   0.327586207
   0   3   0   3   0.039511775   0.379318226   0.086206897   0.362068966
   0   3   0   3   0.057646959   0.344201419   0.086206897   0.293103448
   0   3   0   3   0.067531561   0.372116398   0.086206897   0.396551724
   0   3   0   3   0.076244370   0.399693060   0.086206897   0.431034483
   0   4   0   4   0.010402845   0.460008531   0.017241379   0.431034483
   0   4   0   4   0.010703407   0.482709000   0.017241379   0.465517241
   0   4   0   4   0.063178262   0.473465287   0.051724138   0.431034483
   0   4   0   4   0.097011114   0.466929210   0.086206897   0.465517241
   0   4   0   4   0.063305584   0.441975214   0.051724138   0.396551724
   0   4   0   4   0.043638362   0.479811059   0.051724138   0.500000000
   0   4   0   4   0.043245591   0.442171800   0.017241379   0.396551724
   0   4   0   4   0.091440577   0.486303024   0.051724138   0.534482759
   0   5   0   5   0.054910836   0.540624781   0.017241379   0.500000000
   0   5   0   5   0.054450672   0.519943399   0.017241379   0.534482759
   0   5   0   5   0.059909120   0.577058699   0.017241379   0.568965517
   0   5   0   5   0.040094578   0.563144999   0.051724138   0.568965517
   0   5   0   5   0.078866543   0.563742546   0.086206897   0.534482759
   0   5   0   5   0.014231542   0.567928820   0.017241379   0.603448276
   0   5   0   5   0.088026277   0.529889471   0.120689655   0.534482759
   0   5   0   5   0.028377454   0.526566801   0.051724138   0.465517241
   0   5   0   5   0.017260015   0.596581872   0.017241379   0.637931034
   0   6   0   6   0.015329049   0.658745202   0.017241379   0.672413793
   0   6   0   6   0.082429429   0.632645050   0.051724138   0.637931034
   0   6   0   6   0.026594220   0.622434284   0.051724138   0.672413793
   0   6   0   6   0.065504436   0.661333266   0.086206897   0.637931034
   0   6   0   6   0.038973478   0.644693651   0.051724138   0.706896552
   0   6   0   6   0.079614224   0.675537915   0.120689655   0.672413793
   0   7   0   7   0.026182702   0.700601842   0.017241379   0.706896552
   0   7   0   7   0.035118607   0.740012691   0.017241379   0.741379310
   0   7   0   7   0.010212767   0.761286309   0.017241379   0.775862069
   0   7   0   7   0.058368929   0.738918669   0.051724138   0.741379310
   0   7   0   7   0.039753533   0.766245947   0.051724138   0.775862069
   0   7   0   7   0.051963812   0.718539164   0.086206897   0.706896552
   0   7   0   7   0.060783201   0.789460920   0.086206897   0.741379310
   0   7   0   7   0.085959130   0.757411872   0.120689655   0.741379310
   0   7   0   7   0.090146505   0.702583249   0.086206897   0.672413793
   0   7   0   7   0.096294406   0.775399943   0.086206897   0.775862069
   0   8   0   8   0.013128742   0.815506129   0.017241379   0.810344828
   0   8   0   8   0.011608739   0.842600631   0.017241379   0.844827586
   0   8   0   8   0.032529640   0.864516833   0.017241379   0.879310345
   0   8   0   8   0.056321486   0.820840832   0.051724138   0.810344828
   0   8   0   8   0.078863413   0.843774791   0.051724138   0.844827586
   0   8   0   8   0.063613640   0.874598089   0.051724138   0.879310345
   0   8   0   8   0.084765278   0.811023617   0.086206897   0.810344828
   0   8   0   8   0.094207864   0.865305311   0.086206897   0.844827586
   0   8   0   8   0.082051199   0.897681898   0.051724138   0.913793103
   0   9   0   9   0.032190715   0.946402180   0.017241379   0.948275862
   0   9   0   9   0.025025945   0.973993731   0.017241379   0.982758621
   0   9   0   9   0.067195107   0.939564732   0.051724138   0.948275862
   0   9   0   9   0.064697726   0.963217479   0.051724138   0.982758621
   0   9   0   9   0.091385780   0.924258409   0.086206897   0.913793103
   0   9   0   9   0.098586500   0.946277149   0.086206897   0.948275862
   0   9   0   9   0.088129819   0.976812479   0.086206897   0.982758621
   0   9   0   9   0.027329703   0.901954393   0.017241379   0.913793103
   1   0   1   0   0.120954004   0.017273423   0.120689655   0.017241379
   1   0   1   0   0.145408935   0.061551805   0.120689655   0.051724138
   1   0   1   0   0.164026208   0.070225845   0.120689655   0.086206897
   1   0   1   0   0.148416882   0.020332242   0.155172414   0.017241379
   1   0   1   0   0.168936495   0.039243289   0.189655172   0.017241379
   1   0   1   0   0.181233172   0.088187433   0.155172414   0.120689655
   1   0   1   0   0.101681995   0.010854240   0.086206897   0.017241379
   1   1   1   1   0.170607832   0.107914683   0.120689655   0.120689655
   1   1   1   1   0.146711396   0.124205606   0.120689655   0.155172414
   1   1   1   1   0.156720808   0.168157487   0.155172414   0.155172414
   1   1   1   1   0.181932331   0.169108542   0.189655172   0.120689655
   1   1   1   1   0.197631483   0.197262155   0.189655172   0.155172414
   1   1   1   1   0.155866314   0.191387617   0.189655172   0.189655172
   1   1   1   1   0.132825402   0.101522072   0.086206897   0.120689655
   1   1   1   1   0.193418997   0.120587568   0.189655172   0.086206897
   1   1   1   1   0.134130813   0.192050600   0.120689655   0.224137931
   1   1   1   1   0.105740821   0.103877228   0.086206897   0.051724138
   1   2   1   2   0.145113056   0.228775081   0.155172414   0.224137931
   1   2   1   2   0.158313700   0.280203725   0.155172414   0.258620690
   1   2   1   2   0.165180390   0.232419568   0.189655172   0.224137931
   1   2   1   2   0.192728142   0.275223811   0.189655172   0.258620690
   1   2   1   2   0.177368466   0.258524358   0.189655172   0.293103448
   1   2   1   2   0.100493749   0.285861348   0.086206897   0.258620690
   1   2   1   2   0.112526064   0.210190478   0.120689655   0.189655172
   1   2   1   2   0.119687924   0.246101611   0.086206897   0.224137931
   1   3   1   3   0.112084509   0.317117592   0.120689655   0.327586207
   1   3   1   3   0.130024259   0.333411090   0.120689655   0.362068966
   1   3   1   3   0.155291415   0.327587521   0.155172414   0.327586207
   1   3   1   3   0.136447858   0.358375668   0.155172414   0.362068966
   1   3   1   3   0.165807242   0.360183061   0.189655172   0.327586207
   1   3   1   3   0.116776470   0.374352016   0.051724138   0.327586207
   1   3   1   3   0.184313246   0.379232830   0.155172414   0.396551724
   1   3   1   3   0.134864323   0.310314419   0.120689655   0.293103448
   1   3   1   3   0.199162175   0.304543852   0.155172414   0.293103448
   1   4   1   4   0.102817889   0.443936518   0.120689655   0.431034483
   1   4   1   4   0.117486084   0.457731234   0.120689655   0.465517241
   1   4   1   4   0.125848975   0.404677925   0.155172414   0.431034483
   1   4   1   4   0.151580886   0.464254449   0.155172414   0.465517241
   1   4   1   4   0.143173375   0.427030687   0.189655172   0.431034483
   1   4   1   4   0.183116380   0.444336897   0.189655172   0.465517241
   1   4   1   4   0.126526793   0.499357803   0.120689655   0.500000000
   1   4   1   4   0.173463265   0.424486066   0.189655172   0.396551724
   1   4   1   4   0.185432049   0.470020165   0.224137931   0.465517241
   1   4   1   4   0.117302236   0.477900912   0.086206897   0.500000000
   1   4   1   4   0.146366787   0.406573010   0.120689655   0.396551724
   1   5   1   5   0.147582019   0.561507493   0.120689655   0.568965517
   1   5   1   5   0.142155218   0.524053953   0.155172414   0.534482759
   1   5   1   5   0.157312071   0.598453921   0.155172414   0.568965517
   1   5   1   5   0.186470326   0.555554932   0.189655172   0.568965517
   1   5   1   5   0.100810889   0.575225119   0.086206897   0.603448276
   1   5   1   5   0.125129387   0.547285678   0.086206897   0.568965517
   1   5   1   5   0.127858545   0.593963146   0.120689655   0.603448276
   1   5   1   5   0.174924324   0.583358232   0.224137931   0.568965517
   1   5   1   5   0.184353726   0.526630050   0.155172414   0.500000000
   1   6   1   6   0.123438425   0.645202920   0.120689655   0.637931034
   1   6   1   6   0.139880067   0.628858664   0.155172414   0.603448276
   1   6   1   6   0.146137933   0.656617844   0.155172414   0.637931034
   1   6   1   6   0.169971387   0.647395462   0.155172414   0.672413793
   1   6   1   6   0.173655834   0.672940176   0.189655172   0.706896552
   1   6   1   6   0.109763243   0.680911632   0.155172414   0.706896552
   1   6   1   6   0.100172637   0.603034265   0.051724138   0.603448276
   1   6   1   6   0.198128867   0.637824258   0.189655172   0.603448276
   1   7   1   7   0.102140213   0.723305801   0.120689655   0.706896552
   1   7   1   7   0.124471571   0.726113974   0.155172414   0.741379310
   1   7   1   7   0.172704543   0.730873193   0.155172414   0.775862069
   1   7   1   7   0.188487874   0.750091057   0.155172414   0.810344828
   1   7   1   7   0.199451562   0.728482377   0.224137931   0.706896552
   1   8   1   8   0.113508052   0.835057803   0.120689655   0.810344828
   1   8   1   8   0.127325695   0.856059740   0.120689655   0.844827586
   1   8   1   8   0.128086400   0.877066157   0.120689655   0.879310345
   1   8   1   8   0.176352116   0.803364048   0.155172414   0.844827586
   1   8   1   8   0.149891463   0.846113424   0.155172414   0.879310345
   1   8   1   8   0.189096800   0.843276586   0.189655172   0.844827586
   1   8   1   8   0.156695658   0.898935473   0.189655172   0.879310345
   1   8   1   8   0.140789167   0.817430909   0.120689655   0.775862069
   1   8   1   8   0.190866928   0.867984425   0.258620690   0.879310345
   1   8   1   8   0.112461426   0.894758441   0.086206897   0.879310345
   1   8   1   8   0.199297704   0.811315436   0.224137931   0.810344828
   1   9   1   9   0.128496587   0.909726399   0.120689655   0.913793103
   1   9   1   9   0.140220320   0.930956342   0.120689655   0.948275862
   1   9   1   9   0.121671024   0.978628702   0.120689655   0.982758621
   1   9   1   9   0.175424120   0.934949708   0.155172414   0.913793103
   1   9   1   9   0.188657961   0.958946925   0.155172414   0.948275862
   1   9   1   9   0.143037693   0.981313342   0.155172414   0.982758621
   1   9   1   9   0.167153805   0.980421541   0.189655172   0.982758621
   1   9   1   9   0.197178959   0.901163122   0.224137931   0.879310345
   2   0   2   0   0.250079952   0.021664765   0.224137931   0.017241379
   2   0   2   0   0.232449310   0.087332917   0.224137931   0.051724138
   2   0   2   0   0.283058069   0.041063631   0.258620690   0.017241379
   2   0   2   0   0.241989889   0.043071104   0.258620690   0.051724138
   2   0   2   0   0.254407511   0.085536762   0.258620690   0.086206897
   2   0   2   0   0.272070630   0.072397918   0.293103448   0.051724138
   2   0   2   0   0.203189268   0.044061390   0.189655172   0.051724138
   2   0   2   0   0.225138344   0.059354986   0.155172414   0.086206897
   2   1   2   1   0.226410968   0.113200392   0.224137931   0.120689655
   2   1   2   1   0.226055900   0.172793116   0.224137931   0.155172414
   2   1   2   1   0.248100973   0.113289708   0.258620690   0.120689655
   2   1   2   1   0.272256279   0.169720496   0.258620690   0.155172414
   2   1   2   1   0.249475606   0.157300929   0.258620690   0.189655172
   2   1   2   1   0.271138124   0.144174631   0.293103448   0.120689655
   2   1   2   1   0.243348278   0.132935709   0.224137931   0.086206897
   2   1   2   1   0.298245988   0.108746576   0.293103448   0.086206897
   2   1   2   1   0.257959512   0.185734861   0.258620690   0.224137931
   2   1   2   1   0.299276118   0.130712694   0.327586207   0.120689655
   2   2   2   2   0.229350707   0.239580116   0.224137931   0.224137931
   2   2   2   2   0.216055949   0.264853669   0.224137931   0.258620690
   2   2   2   2   0.234897674   0.291683983   0.224137931   0.293103448
   2   2   2   2   0.246912462   0.265342443   0.258620690   0.258620690
   2   2   2   2   0.268641653   0.245552578   0.293103448   0.258620690
   2   2   2   2   0.201041149   0.246863842   0.224137931   0.189655172
   2   2   2   2   0.287783492   0.208624473   0.293103448   0.189655172
   2   3   2   3   0.250185755   0.319976405   0.224137931   0.327586207
   2   3   2   3   0.223740807   0.336358521   0.224137931   0.362068966
   2   3   2   3   0.274305095   0.329565137   0.258620690   0.327586207
   2   3   2   3   0.268936503   0.391091792   0.258620690   0.362068966
   2   3   2   3   0.259189742   0.343074223   0.293103448   0.362068966
   2   3   2   3   0.291589102   0.394426201   0.293103448   0.396551724
   2   3   2   3   0.222037701   0.368253528   0.189655172   0.362068966
   2   3   2   3   0.293001989   0.352733166   0.327586207   0.396551724
   2   4   2   4   0.227206387   0.442661722   0.224137931   0.431034483
   2   4   2   4   0.228319808   0.422429169   0.258620690   0.431034483
   2   4   2   4   0.211075740   0.464174105   0.258620690   0.465517241
   2   4   2   4   0.237850809   0.476925375   0.293103448   0.465517241
   2   4   2   4   0.259336980   0.409731130   0.258620690   0.396551724
   2   4   2   4   0.267482159   0.484484646   0.258620690   0.500000000
   2   4   2   4   0.217112540   0.403746703   0.224137931   0.396551724
   2   5   2   5   0.224154612   0.528417747   0.224137931   0.534482759
   2   5   2   5   0.236611678   0.545920078   0.258620690   0.568965517
   2   5   2   5   0.259224056   0.540704012   0.293103448   0.500000000
   2   5   2   5   0.218183599   0.557010786   0.189655172   0.534482759
   2   5   2   5   0.226078878   0.588876423   0.224137931   0.603448276
   2   5   2   5   0.210816043   0.509667271   0.189655172   0.500000000
   2   5   2   5   0.265693081   0.512752888   0.224137931   0.500000000
   2   5   2   5   0.286477965   0.588545085   0.293103448   0.568965517
   2   5   2   5   0.296974146   0.518167287   0.327586207   0.500000000
   2   5   2   5   0.248627548   0.591883175   0.258620690   0.603448276
   2   5   2   5   0.298512001   0.544646229   0.258620690   0.534482759
   2   6   2   6   0.248698229   0.624931791   0.224137931   0.637931034
   2   6   2   6   0.279185697   0.640216859   0.258620690   0.637931034
   2   6   2   6   0.262548652   0.666184371   0.258620690   0.672413793
   2   6   2   6   0.286759981   0.618464164   0.293103448   0.603448276
   2   6   2   6   0.266532373   0.610812349   0.293103448   0.637931034
   2   6   2   6   0.290318751   0.681843782   0.293103448   0.672413793
   2   6   2   6   0.223741522   0.652496168   0.189655172   0.637931034
   2   6   2   6   0.297839069   0.663087637   0.327586207   0.637931034
   2   6   2   6   0.203791866   0.657351621   0.189655172   0.672413793
   2   6   2   6   0.209248450   0.686628670   0.189655172   0.741379310
   2   7   2   7   0.203422650   0.779506319   0.224137931   0.741379310
   2   7   2   7   0.223879487   0.740516705   0.258620690   0.706896552
   2   7   2   7   0.262640361   0.792071601   0.258620690   0.741379310
   2   7   2   7   0.296936244   0.788790092   0.258620690   0.775862069
   2   7   2   7   0.278049104   0.733539913   0.293103448   0.706896552
   2   7   2   7   0.292299275   0.762792510   0.293103448   0.741379310
   2   7   2   7   0.210954325   0.755961613   0.189655172   0.775862069
   2   7   2   7   0.254842505   0.711858936   0.224137931   0.672413793
   2   7   2   7   0.299432061   0.712557516   0.327586207   0.706896552
   2   8   2   8   0.235513683   0.851852394   0.224137931   0.844827586
   2   8   2   8   0.275984672   0.827201518   0.258620690   0.810344828
   2   8   2   8   0.253231226   0.841823096   0.258620690   0.844827586
   2   8   2   8   0.214993890   0.829308729   0.189655172   0.810344828
   2   8   2   8   0.287848855   0.872849732   0.258620690   0.913793103
   2   8   2   8   0.278200585   0.850729743   0.327586207   0.844827586
   2   8   2   8   0.253053766   0.870711879   0.224137931   0.913793103
   2   8   2   8   0.249489889   0.894989377   0.258620690   0.948275862
   2   8   2   8   0.244238699   0.807692809   0.224137931   0.775862069
   2   9   2   9   0.230453529   0.955884139   0.224137931   0.948275862
   2   9   2   9   0.207255684   0.967104691   0.224137931   0.982758621
   2   9   2   9   0.243501624   0.983813985   0.258620690   0.982758621
   2   9   2   9   0.255332215   0.948447162   0.293103448   0.913793103
   2   9   2   9   0.238820127   0.922354558   0.189655172   0.948275862
   2   9   2   9   0.211352430   0.932531196   0.189655172   0.913793103
   3   0   3   0   0.347834437   0.020671369   0.327586207   0.017241379
   3   0   3   0   0.347705041   0.090489808   0.327586207   0.051724138
   3   0   3   0   0.344230938   0.067834558   0.362068966   0.017241379
   3   0   3   0   0.392763951   0.019415102   0.396551724   0.017241379
   3   0   3   0   0.369681231   0.041522712   0.396551724   0.051724138
   3   0   3   0   0.326438295   0.026108244   0.293103448   0.017241379
   3   0   3   0   0.389703870   0.060124224   0.396551724   0.086206897
   3   0   3   0   0.304240061   0.059179111   0.327586207   0.086206897
   3   1   3   1   0.332074813   0.177431585   0.327586207   0.155172414
   3   1   3   1   0.341250525   0.159449917   0.327586207   0.189655172
   3   1   3   1   0.383377098   0.149384483   0.362068966   0.120689655
   3   1   3   1   0.375363861   0.189358550   0.362068966   0.155172414
   3   1   3   1   0.355509684   0.176962571   0.362068966   0.189655172
   3   1   3   1   0.360184754   0.145913083   0.362068966   0.086206897
   3   1   3   1   0.361448937   0.121342786   0.362068966   0.051724138
   3   1   3   1   0.397912979   0.131190765   0.396551724   0.120689655
   3   1   3   1   0.302051914   0.175534507   0.293103448   0.155172414
   3   1   3   1   0.399934495   0.192827560   0.396551724   0.189655172
   3   2   3   2   0.319732508   0.208451058   0.327586207   0.224137931
   3   2   3   2   0.317923615   0.251585303   0.327586207   0.258620690
   3   2   3   2   0.373079881   0.282412130   0.327586207   0.293103448
   3   2   3   2   0.378997881   0.216626159   0.362068966   0.224137931
   3   2   3   2   0.348995950   0.207175949   0.362068966   0.258620690
   3   2   3   2   0.366111899   0.260127016   0.362068966   0.293103448
   3   2   3   2   0.375224956   0.240719465   0.396551724   0.224137931
   3   2   3   2   0.301197687   0.264138821   0.293103448   0.293103448
   3   2   3   2   0.310868856   0.226702198   0.293103448   0.224137931
   3   2   3   2   0.305269761   0.290591929   0.258620690   0.293103448
   3   2   3   2   0.396975808   0.282056137   0.396551724   0.258620690
   3   3   3   3   0.320957715   0.316258626   0.327586207   0.327586207
   3   3   3   3   0.318832250   0.350475893   0.327586207   0.362068966
   3   3   3   3   0.346157633   0.342750788   0.362068966   0.327586207
   3   3   3   3   0.358440186   0.392169632   0.362068966   0.362068966
   3   3   3   3   0.332108293   0.390026465   0.362068966   0.396551724
   3   3   3   3   0.391368135   0.364696540   0.396551724   0.327586207
   3   3   3   3   0.353399602   0.362580748   0.396551724   0.362068966
   3   3   3   3   0.304779197   0.331926474   0.293103448   0.327586207
   3   4   3   4   0.350542301   0.461895707   0.327586207   0.431034483
   3   4   3   4   0.307900420   0.449282434   0.327586207   0.465517241
   3   4   3   4   0.343840418   0.432566295   0.362068966   0.431034483
   3   4   3   4   0.367774109   0.446920812   0.396551724   0.431034483
   3   4   3   4   0.381426915   0.486772295   0.396551724   0.500000000
   3   4   3   4   0.361768334   0.416853401   0.431034483   0.431034483
   3   4   3   4   0.325521627   0.422917357   0.293103448   0.431034483
   3   4   3   4   0.359169343   0.485105142   0.327586207   0.534482759
   3   4   3   4   0.397378082   0.416998072   0.396551724   0.396551724
   3   4   3   4   0.303649265   0.471578758   0.362068966   0.465517241
   3   5   3   5   0.326197302   0.582297210   0.327586207   0.568965517
   3   5   3   5   0.389812368   0.525434466   0.362068966   0.500000000
   3   5   3   5   0.348746659   0.551367064   0.362068966   0.534482759
   3   5   3   5   0.345749168   0.573804210   0.362068966   0.568965517
   3   5   3   5   0.369196611   0.538443885   0.396551724   0.568965517
   3   5   3   5   0.320639527   0.523377421   0.293103448   0.534482759
   3   5   3   5   0.379761825   0.595569911   0.431034483   0.568965517
   3   6   3   6   0.312545574   0.623871841   0.327586207   0.603448276
   3   6   3   6   0.334295918   0.685178260   0.327586207   0.672413793
   3   6   3   6   0.328084733   0.646952677   0.362068966   0.637931034
   3   6   3   6   0.349744689   0.652921767   0.362068966   0.672413793
   3   6   3   6   0.359933586   0.602272087   0.362068966   0.603448276
   3   7   3   7   0.309981551   0.751536193   0.327586207   0.741379310
   3   7   3   7   0.387429438   0.774176388   0.362068966   0.775862069
   3   7   3   7   0.331498989   0.743083824   0.396551724   0.706896552
   3   7   3   7   0.331528337   0.791003496   0.327586207   0.810344828
   3   7   3   7   0.332756822   0.766439553   0.293103448   0.775862069
   3   8   3   8   0.346995914   0.849289276   0.327586207   0.879310345
   3   8   3   8   0.383975512   0.803402677   0.362068966   0.810344828
   3   8   3   8   0.301694600   0.837546488   0.362068966   0.844827586
   3   8   3   8   0.390964723   0.833343803   0.362068966   0.879310345
   3   8   3   8   0.362649598   0.884773992   0.293103448   0.879310345
   3   8   3   8   0.305884484   0.893421368   0.293103448   0.844827586
   3   8   3   8   0.309717255   0.806527787   0.293103448   0.810344828
   3   8   3   8   0.394530628   0.869475367   0.396551724   0.844827586
   3   8   3   8   0.352693921   0.801756547   0.327586207   0.775862069
   3   9   3   9   0.339183879   0.900422464   0.327586207   0.913793103
   3   9   3   9   0.316768792   0.936647092   0.327586207   0.948275862
   3   9   3   9   0.369046031   0.967999115   0.327586207   0.982758621
   3   9   3   9   0.388064481   0.914991680   0.362068966   0.913793103
   3   9   3   9   0.392743719   0.936999957   0.362068966   0.948275862
   3   9   3   9   0.361624568   0.907409384   0.362068966   0.982758621
   3   9   3   9   0.364838059   0.934061416   0.293103448   0.948275862
   3   9   3   9   0.329600290   0.977112571   0.293103448   0.982758621
   4   0   4   0   0.411013536   0.051536794   0.431034483   0.017241379
   4   0   4   0   0.446979295   0.062926235   0.431034483   0.051724138
   4   0   4   0   0.458573380   0.018464733   0.465517241   0.017241379
   4   0   4   0   0.465550623   0.053019499   0.465517241   0.051724138
   4   0   4   0   0.450972731   0.098289979   0.500000000   0.051724138
   4   0   4   0   0.484864754   0.058929799   0.534482759   0.017241379
   4   0   4   0   0.498727087   0.018018490   0.500000000   0.017241379
   4   0   4   0   0.480671087   0.099768157   0.465517241   0.120689655
   4   1   4   1   0.456036593   0.159889263   0.431034483   0.120689655
   4   1   4   1   0.435887663   0.161600432   0.431034483   0.155172414
   4   1   4   1   0.471199405   0.191605393   0.465517241   0.189655172
   4   1   4   1   0.476860411   0.166264982   0.500000000   0.155172414
   4   1   4   1   0.454164622   0.135793533   0.465517241   0.086206897
   4   1   4   1   0.421971108   0.123829969   0.431034483   0.086206897
   4   1   4   1   0.401871082   0.162084904   0.396551724   0.155172414
   4   2   4   2   0.412597390   0.259012914   0.431034483   0.224137931
   4   2   4   2   0.440963573   0.261446385   0.431034483   0.258620690
   4   2   4   2   0.489723657   0.209062341   0.465517241   0.224137931
   4   2   4   2   0.429787122   0.201114965   0.465517241   0.258620690
   4   2   4   2   0.475079740   0.252831031   0.500000000   0.258620690
   4   2   4   2   0.499679224   0.292986149   0.500000000   0.293103448
   4   2   4   2   0.407989137   0.234434660   0.431034483   0.189655172
   4   2   4   2   0.482667901   0.228979426   0.500000000   0.224137931
   4   3   4   3   0.420512513   0.360042519   0.431034483   0.327586207
   4   3   4   3   0.459157720   0.373039383   0.465517241   0.327586207
   4   3   4   3   0.490513248   0.355879417   0.465517241   0.362068966
   4   3   4   3   0.474397901   0.343127116   0.500000000   0.327586207
   4   3   4   3   0.407755040   0.317298785   0.396551724   0.293103448
   4   3   4   3   0.412114300   0.379736828   0.431034483   0.396551724
   4   3   4   3   0.425691428   0.302246271   0.431034483   0.293103448
   4   3   4   3   0.451731387   0.391644709   0.465517241   0.431034483
   4   3   4   3   0.474863637   0.300939421   0.465517241   0.293103448
   4   4   4   4   0.433627434   0.465079162   0.431034483   0.465517241
   4   4   4   4   0.447416139   0.444594336   0.465517241   0.465517241
   4   4   4   4   0.480466610   0.474581307   0.500000000   0.465517241
   4   4   4   4   0.411951704   0.473477964   0.396551724   0.465517241
   4   4   4   4   0.469359789   0.401492204   0.431034483   0.362068966
   4   4   4   4   0.489665802   0.445404222   0.534482759   0.465517241
   4   5   4   5   0.414033852   0.515477865   0.431034483   0.500000000
   4   5   4   5   0.461279678   0.544131516   0.431034483   0.534482759
   4   5   4   5   0.472243371   0.518472518   0.465517241   0.534482759
   4   5   4   5   0.458754306   0.575222546   0.500000000   0.568965517
   4   5   4   5   0.426316245   0.539813949   0.465517241   0.500000000
   4   5   4   5   0.477691956   0.561144253   0.500000000   0.603448276
   4   5   4   5   0.485750698   0.583070504   0.465517241   0.637931034
   4   5   4   5   0.402221921   0.564757354   0.396551724   0.534482759
   4   5   4   5   0.428106685   0.599189412   0.431034483   0.603448276
   4   6   4   6   0.401494024   0.649556940   0.431034483   0.637931034
   4   6   4   6   0.461619037   0.672982288   0.431034483   0.672413793
   4   6   4   6   0.446131687   0.611641959   0.465517241   0.603448276
   4   6   4   6   0.469209069   0.650636348   0.465517241   0.672413793
   4   6   4   6   0.404773100   0.607017623   0.396551724   0.603448276
   4   6   4   6   0.415652922   0.672826921   0.396551724   0.637931034
   4   6   4   6   0.437706574   0.684457640   0.396551724   0.672413793
   4   6   4   6   0.498726296   0.651045841   0.534482759   0.637931034
   4   6   4   6   0.423104543   0.698520345   0.362068966   0.706896552
   4   7   4   7   0.449472782   0.716941986   0.431034483   0.706896552
   4   7   4   7   0.457027985   0.738855317   0.431034483   0.741379310
   4   7   4   7   0.433612048   0.770691695   0.465517241   0.741379310
   4   7   4   7   0.467229815   0.773687342   0.465517241   0.775862069
   4   7   4   7   0.433582128   0.735651301   0.396551724   0.775862069
   4   7   4   7   0.412401907   0.727858773   0.396551724   0.741379310
   4   7   4   7   0.441910177   0.799441409   0.431034483   0.810344828
   4   7   4   7   0.410908246   0.760673102   0.362068966   0.741379310
   4   7   4   7   0.472963519   0.711487616   0.465517241   0.706896552
   4   7   4   7   0.486864656   0.740642743   0.500000000   0.741379310
   4   8   4   8   0.423582971   0.852942651   0.431034483   0.844827586
   4   8   4   8   0.437004188   0.867968799   0.431034483   0.879310345
   4   8   4   8   0.427772325   0.831561354   0.465517241   0.844827586
   4   8   4   8   0.486701574   0.871385106   0.500000000   0.879310345
   4   8   4   8   0.415214621   0.896188371   0.396551724   0.879310345
   4   8   4   8   0.464652537   0.884857356   0.465517241   0.913793103
   4   8   4   8   0.406141321   0.814310918   0.396551724   0.810344828
   4   8   4   8   0.461359592   0.804203849   0.431034483   0.775862069
   4   8   4   8   0.492247932   0.820243061   0.500000000   0.775862069
   4   9   4   9   0.421737566   0.929843513   0.431034483   0.913793103
   4   9   4   9   0.435140041   0.949480325   0.431034483   0.948275862
   4   9   4   9   0.460837381   0.977910262   0.431034483   0.982758621
   4   9   4   9   0.469254122   0.944755324   0.465517241   0.948275862
   4   9   4   9   0.433412913   0.985598653   0.396551724   0.982758621
   4   9   4   9   0.453516945   0.904781691   0.396551724   0.913793103
   4   9   4   9   0.498840852   0.933821551   0.465517241   0.879310345
   4   9   4   9   0.415963447   0.962152904   0.396551724   0.948275862
   5   0   5   0   0.548703629   0.091593498   0.534482759   0.051724138
   5   0   5   0   0.538143383   0.011712153   0.568965517   0.017241379
   5   0   5   0   0.508117978   0.048105883   0.568965517   0.051724138
   5   0   5   0   0.570200219   0.060164613   0.568965517   0.086206897
   5   0   5   0   0.566351780   0.014541342   0.603448276   0.017241379
   5   0   5   0   0.594920682   0.046060254   0.603448276   0.086206897
   5   0   5   0   0.523377976   0.034639165   0.603448276   0.051724138
   5   0   5   0   0.517176249   0.090161047   0.500000000   0.086206897
   5   0   5   0   0.587315385   0.022023328   0.637931034   0.017241379
   5   0   5   0   0.570236406   0.087187254   0.637931034   0.120689655
   5   1   5   1   0.543487814   0.163209556   0.500000000   0.120689655
   5   1   5   1   0.522509361   0.134257525   0.534482759   0.120689655
   5   1   5   1   0.512295242   0.165388582   0.534482759   0.155172414
   5   1   5   1   0.583502612   0.177300440   0.568965517   0.155172414
   5   1   5   1   0.558834216   0.194020471   0.568965517   0.189655172
   5   1   5   1   0.581151772   0.138842610   0.603448276   0.120689655
   5   1   5   1   0.550994197   0.144071727   0.534482759   0.086206897
   5   1   5   1   0.598274441   0.199099105   0.603448276   0.189655172
   5   2   5   2   0.520336599   0.262461040   0.534482759   0.224137931
   5   2   5   2   0.573955887   0.250511054   0.534482759   0.258620690
   5   2   5   2   0.521198916   0.295583162   0.534482759   0.293103448
   5   2   5   2   0.565115316   0.219914784   0.568965517   0.224137931
   5   2   5   2   0.573305596   0.293481623   0.568965517   0.293103448
   5   2   5   2   0.537280389   0.246990373   0.534482759   0.189655172
   5   2   5   2   0.517578829   0.201555411   0.500000000   0.189655172
   5   2   5   2   0.518537090   0.234889771   0.465517241   0.155172414
   5   3   5   3   0.505325243   0.342077492   0.500000000   0.362068966
   5   3   5   3   0.518413737   0.368587715   0.500000000   0.396551724
   5   3   5   3   0.513450165   0.316790211   0.534482759   0.327586207
   5   3   5   3   0.539285162   0.306039993   0.534482759   0.362068966
   5   3   5   3   0.562868616   0.374147104   0.534482759   0.396551724
   5   3   5   3   0.557811675   0.317595292   0.568965517   0.327586207
   5   3   5   3   0.584293892   0.337898359   0.568965517   0.362068966
   5   3   5   3   0.532123840   0.347669931   0.603448276   0.327586207
   5   3   5   3   0.581684138   0.317462603   0.603448276   0.293103448
   5   3   5   3   0.510083185   0.387176098   0.465517241   0.396551724
   5   3   5   3   0.581082260   0.391958761   0.568965517   0.396551724
   5   4   5   4   0.522430263   0.418588695   0.534482759   0.431034483
   5   4   5   4   0.545154929   0.409207944   0.568965517   0.431034483
   5   4   5   4   0.541287835   0.470959105   0.534482759   0.500000000
   5   4   5   4   0.589380610   0.417772734   0.603448276   0.431034483
   5   4   5   4   0.504023381   0.469801889   0.500000000   0.500000000
   5   4   5   4   0.501099860   0.423696226   0.500000000   0.431034483
   5   5   5   5   0.527536514   0.526535461   0.500000000   0.534482759
   5   5   5   5   0.551110502   0.503481983   0.534482759   0.534482759
   5   5   5   5   0.554262686   0.590889653   0.534482759   0.568965517
   5   5   5   5   0.582179940   0.522908567   0.568965517   0.500000000
   5   5   5   5   0.549384051   0.560454995   0.568965517   0.534482759
   5   5   5   5   0.573339595   0.570435508   0.568965517   0.568965517
   5   5   5   5   0.579087744   0.591716716   0.568965517   0.603448276
   5   5   5   5   0.506578950   0.587477031   0.500000000   0.637931034
   5   5   5   5   0.508985728   0.545462317   0.465517241   0.568965517
   5   5   5   5   0.594764208   0.550735456   0.603448276   0.534482759
   5   6   5   6   0.549190801   0.637010907   0.534482759   0.603448276
   5   6   5   6   0.544136467   0.671613650   0.534482759   0.672413793
   5   6   5   6   0.565285946   0.655515955   0.568965517   0.637931034
   5   6   5   6   0.570640377   0.677487496   0.568965517   0.672413793
   5   6   5   6   0.572354879   0.615368511   0.603448276   0.637931034
   5   6   5   6   0.591583377   0.651513383   0.637931034   0.672413793
   5   6   5   6   0.502310461   0.675511647   0.500000000   0.672413793
   5   7   5   7   0.519914256   0.700984240   0.534482759   0.706896552
   5   7   5   7   0.550404881   0.751209244   0.534482759   0.741379310
   5   7   5   7   0.509310042   0.773213937   0.534482759   0.775862069
   5   7   5   7   0.565925155   0.730123700   0.568965517   0.706896552
   5   7   5   7   0.576122180   0.767690577   0.568965517   0.775862069
   5   7   5   7   0.555482139   0.775902709   0.534482759   0.810344828
   5   7   5   7   0.552680540   0.705163400   0.603448276   0.706896552
   5   7   5   7   0.537642269   0.786490082   0.500000000   0.810344828
   5   7   5   7   0.512352592   0.725478652   0.500000000   0.706896552
   5   8   5   8   0.522563786   0.842590321   0.500000000   0.844827586
   5   8   5   8   0.535321024   0.871845102   0.534482759   0.844827586
   5   8   5   8   0.514518170   0.888251626   0.534482759   0.879310345
   5   8   5   8   0.558705943   0.841203417   0.568965517   0.810344828
   5   8   5   8   0.561060659   0.869660023   0.568965517   0.844827586
   5   8   5   8   0.581676919   0.849564047   0.603448276   0.775862069
   5   8   5   8   0.517816407   0.800488483   0.465517241   0.810344828
   5   8   5   8   0.598640928   0.864442641   0.637931034   0.844827586
   5   9   5   9   0.517703522   0.914515839   0.500000000   0.913793103
   5   9   5   9   0.526545754   0.948648274   0.500000000   0.948275862
   5   9   5   9   0.504465784   0.986781522   0.500000000   0.982758621
   5   9   5   9   0.542498323   0.936456145   0.534482759   0.913793103
   5   9   5   9   0.546085498   0.966625427   0.534482759   0.948275862
   5   9   5   9   0.531006211   0.983224628   0.534482759   0.982758621
   5   9   5   9   0.581110221   0.931678770   0.568965517   0.948275862
   5   9   5   9   0.586813635   0.951579407   0.568965517   0.982758621
   5   9   5   9   0.561540026   0.985647437   0.603448276   0.982758621
   5   9   5   9   0.563486662   0.921806077   0.568965517   0.879310345
   5   9   5   9   0.577352801   0.905538389   0.603448276   0.879310345
   5   9   5   9   0.502427295   0.964811824   0.465517241   0.982758621
   6   0   6   0   0.659298535   0.039174075   0.637931034   0.051724138
   6   0   6   0   0.609272357   0.031405710   0.672413793   0.017241379
   6   0   6   0   0.682886634   0.037709280   0.672413793   0.051724138
   6   0   6   0   0.662018482   0.062908072   0.672413793   0.086206897
   6   0   6   0   0.630354267   0.026590226   0.706896552   0.051724138
   6   0   6   0   0.630155549   0.046998832   0.568965517   0.120689655
   6   0   6   0   0.634576424   0.082008704   0.637931034   0.086206897
   6   0   6   0   0.696866180   0.016188859   0.706896552   0.017241379
   6   1   6   1   0.608159124   0.157458717   0.603448276   0.155172414
   6   1   6   1   0.620315836   0.127475939   0.637931034   0.155172414
   6   1   6   1   0.678924095   0.129384711   0.672413793   0.120689655
   6   1   6   1   0.679006806   0.151439425   0.672413793   0.155172414
   6   1   6   1   0.631415618   0.180035586   0.672413793   0.189655172
   6   1   6   1   0.691773025   0.185174946   0.706896552   0.189655172
   6   1   6   1   0.656487706   0.190310810   0.672413793   0.224137931
   6   1   6   1   0.679702597   0.103048033   0.706896552   0.155172414
   6   1   6   1   0.622569349   0.199119907   0.637931034   0.189655172
   6   2   6   2   0.646766373   0.219288586   0.637931034   0.224137931
   6   2   6   2   0.603375370   0.251306950   0.637931034   0.258620690
   6   2   6   2   0.676587024   0.253487628   0.672413793   0.258620690
   6   2   6   2   0.644865099   0.280142050   0.672413793   0.293103448
   6   2   6   2   0.692163326   0.281143382   0.706896552   0.293103448
   6   2   6   2   0.614775231   0.221292269   0.603448276   0.224137931
   6   2   6   2   0.606769677   0.275771687   0.568965517   0.258620690
   6   3   6   3   0.601985951   0.377278024   0.603448276   0.362068966
   6   3   6   3   0.630382510   0.326081245   0.637931034   0.327586207
   6   3   6   3   0.612070310   0.353569753   0.637931034   0.362068966
   6   3   6   3   0.625376197   0.391840423   0.637931034   0.396551724
   6   3   6   3   0.662624602   0.356543711   0.672413793   0.362068966
   6   3   6   3   0.691248138   0.360942071   0.672413793   0.396551724
   6   3   6   3   0.647670278   0.311164132   0.637931034   0.293103448
   6   3   6   3   0.619598001   0.305859341   0.603448276   0.258620690
   6   3   6   3   0.666995663   0.396528062   0.672413793   0.431034483
   6   4   6   4   0.615927399   0.468214274   0.603448276   0.465517241
   6   4   6   4   0.658650041   0.458737195   0.637931034   0.431034483
   6   4   6   4   0.680546164   0.493595333   0.637931034   0.465517241
   6   4   6   4   0.682561478   0.469212788   0.672413793   0.465517241
   6   4   6   4   0.653521710   0.478397594   0.637931034   0.500000000
   6   4   6   4   0.611815463   0.435182124   0.603448276   0.396551724
   6   4   6   4   0.680220372   0.435371304   0.706896552   0.431034483
   6   4   6   4   0.618277040   0.496438267   0.568965517   0.465517241
   6   5   6   5   0.603595812   0.532748170   0.603448276   0.500000000
   6   5   6   5   0.602018616   0.571475759   0.603448276   0.568965517
   6   5   6   5   0.620837612   0.547154472   0.637931034   0.534482759
   6   5   6   5   0.651811652   0.583893986   0.637931034   0.568965517
   6   5   6   5   0.640589471   0.541582735   0.672413793   0.534482759
   6   5   6   5   0.672170581   0.585371146   0.672413793   0.568965517
   6   5   6   5   0.664698642   0.530401236   0.706896552   0.500000000
   6   5   6   5   0.646988107   0.506990417   0.672413793   0.500000000
   6   5   6   5   0.618493661   0.592999812   0.603448276   0.603448276
   6   5   6   5   0.657761909   0.552417263   0.706896552   0.534482759
   6   5   6   5   0.696897243   0.535537170   0.741379310   0.534482759
   6   6   6   6   0.668346378   0.690860269   0.603448276   0.672413793
   6   6   6   6   0.646508916   0.632661062   0.637931034   0.637931034
   6   6   6   6   0.686702725   0.618771672   0.672413793   0.603448276
   6   6   6   6   0.689802705   0.667868233   0.672413793   0.637931034
   6   6   6   6   0.657895462   0.665154056   0.672413793   0.672413793
   6   6   6   6   0.623788968   0.619231292   0.637931034   0.603448276
   6   7   6   7   0.624124428   0.725750347   0.637931034   0.706896552
   6   7   6   7   0.644813791   0.769565052   0.637931034   0.741379310
   6   7   6   7   0.696964253   0.718985139   0.672413793   0.706896552
   6   7   6   7   0.658117049   0.710454255   0.672413793   0.741379310
   6   7   6   7   0.678225468   0.757498478   0.672413793   0.775862069
   6   7   6   7   0.637003335   0.743631456   0.603448276   0.741379310
   6   7   6   7   0.656697077   0.739819859   0.706896552   0.741379310
   6   7   6   7   0.664808488   0.778298337   0.637931034   0.775862069
   6   7   6   7   0.606047606   0.758489557   0.568965517   0.741379310
   6   8   6   8   0.603233729   0.810514639   0.603448276   0.810344828
   6   8   6   8   0.629260851   0.881329529   0.603448276   0.844827586
   6   8   6   8   0.626185562   0.835582686   0.637931034   0.810344828
   6   8   6   8   0.640792715   0.856160454   0.637931034   0.879310345
   6   8   6   8   0.631853155   0.814715321   0.672413793   0.844827586
   6   8   6   8   0.670433655   0.806610883   0.706896552   0.844827586
   6   8   6   8   0.667917051   0.882465120   0.637931034   0.913793103
   6   8   6   8   0.663801488   0.846231787   0.706896552   0.810344828
   6   9   6   9   0.646459369   0.954353170   0.603448276   0.948275862
   6   9   6   9   0.654106160   0.925727009   0.637931034   0.948275862
   6   9   6   9   0.603681025   0.976257637   0.637931034   0.982758621
   6   9   6   9   0.675907939   0.925987313   0.672413793   0.948275862
   6   9   6   9   0.630691757   0.986358683   0.672413793   0.982758621
   6   9   6   9   0.672116890   0.957857535   0.706896552   0.948275862
   6   9   6   9   0.606583791   0.937429561   0.568965517   0.913793103
   6   9   6   9   0.688434946   0.945808776   0.672413793   0.913793103
   6   9   6   9   0.610913842   0.906631718   0.603448276   0.913793103
   7   0   7   0   0.705846628   0.087080856   0.706896552   0.086206897
   7   0   7   0   0.720207327   0.035943055   0.741379310   0.017241379
   7   0   7   0   0.704261147   0.060670686   0.741379310   0.051724138
   7   0   7   0   0.742532864   0.067367272   0.741379310   0.086206897
   7   0   7   0   0.743014805   0.043826775   0.775862069   0.017241379
   7   0   7   0   0.761392245   0.052145554   0.775862069   0.051724138
   7   0   7   0   0.762766555   0.090568683   0.741379310   0.120689655
   7   0   7   0   0.731149542   0.095027816   0.706896552   0.120689655
   7   1   7   1   0.737563052   0.142969554   0.741379310   0.155172414
   7   1   7   1   0.717027161   0.171702268   0.741379310   0.189655172
   7   1   7   1   0.750119296   0.119713116   0.775862069   0.120689655
   7   1   7   1   0.748807431   0.166300009   0.775862069   0.155172414
   7   1   7   1   0.764007045   0.179734191   0.775862069   0.189655172
   7   1   7   1   0.783752925   0.125370184   0.810344828   0.155172414
   7   1   7   1   0.796241191   0.174850675   0.844827586   0.155172414
   7   2   7   2   0.720831752   0.279988777   0.706896552   0.258620690
   7   2   7   2   0.740478473   0.250685797   0.741379310   0.224137931
   7   2   7   2   0.741554520   0.222252863   0.775862069   0.224137931
   7   2   7   2   0.773049798   0.273883049   0.775862069   0.258620690
   7   2   7   2   0.713628733   0.225091639   0.706896552   0.224137931
   7   2   7   2   0.772833554   0.219056632   0.810344828   0.189655172
   7   3   7   3   0.706657790   0.348189270   0.706896552   0.327586207
   7   3   7   3   0.762279015   0.375725605   0.741379310   0.327586207
   7   3   7   3   0.712073227   0.367540647   0.741379310   0.362068966
   7   3   7   3   0.780499767   0.327211158   0.775862069   0.327586207
   7   3   7   3   0.794390046   0.348013335   0.775862069   0.362068966
   7   3   7   3   0.751325021   0.397444001   0.775862069   0.396551724
   7   3   7   3   0.729849383   0.344758049   0.741379310   0.293103448
   7   3   7   3   0.778933656   0.390835707   0.810344828   0.396551724
   7   3   7   3   0.711437777   0.301113351   0.672413793   0.327586207
   7   3   7   3   0.741529078   0.309121824   0.741379310   0.258620690
   7   3   7   3   0.764853164   0.303316430   0.775862069   0.293103448
   7   3   7   3   0.792370806   0.304668798   0.810344828   0.258620690
   7   4   7   4   0.708510997   0.484840614   0.706896552   0.465517241
   7   4   7   4   0.778315842   0.442445114   0.741379310   0.431034483
   7   4   7   4   0.762856163   0.422471388   0.775862069   0.431034483
   7   4   7   4   0.787394396   0.473348620   0.775862069   0.465517241
   7   4   7   4   0.727009034   0.458992513   0.706896552   0.396551724
   7   4   7   4   0.712335512   0.426638438   0.706896552   0.362068966
   7   4   7   4   0.716675001   0.402259061   0.741379310   0.396551724
   7   5   7   5   0.711231862   0.571742387   0.706896552   0.568965517
   7   5   7   5   0.746083669   0.514219413   0.741379310   0.500000000
   7   5   7   5   0.738845306   0.552844512   0.741379310   0.568965517
   7   5   7   5   0.763438077   0.541999918   0.775862069   0.500000000
   7   5   7   5   0.772731463   0.571209785   0.775862069   0.534482759
   7   5   7   5   0.721408567   0.590590937   0.741379310   0.603448276
   7   5   7   5   0.748141688   0.572061410   0.741379310   0.637931034
   7   5   7   5   0.794939410   0.532676277   0.810344828   0.500000000
   7   5   7   5   0.703609772   0.512774861   0.741379310   0.465517241
   7   5   7   5   0.797450619   0.571907886   0.775862069   0.568965517
   7   6   7   6   0.730485107   0.622213042   0.706896552   0.603448276
   7   6   7   6   0.763758905   0.606142773   0.706896552   0.637931034
   7   6   7   6   0.704389125   0.648400084   0.706896552   0.672413793
   7   6   7   6   0.748700413   0.639197324   0.741379310   0.672413793
   7   6   7   6   0.789345178   0.601889586   0.775862069   0.637931034
   7   6   7   6   0.770155521   0.688055121   0.775862069   0.672413793
   7   6   7   6   0.718305169   0.695974816   0.741379310   0.706896552
   7   7   7   7   0.703968466   0.782608046   0.706896552   0.706896552
   7   7   7   7   0.771887141   0.726879193   0.741379310   0.741379310
   7   7   7   7   0.728228750   0.788754574   0.741379310   0.775862069
   7   7   7   7   0.732745563   0.757053608   0.775862069   0.741379310
   7   7   7   7   0.799232158   0.784712703   0.775862069   0.775862069
   7   7   7   7   0.764045944   0.757939252   0.741379310   0.810344828
   7   7   7   7   0.794295909   0.752487912   0.810344828   0.741379310
   7   8   7   8   0.754231194   0.895972378   0.706896552   0.879310345
   7   8   7   8   0.710803891   0.853503438   0.741379310   0.844827586
   7   8   7   8   0.782881220   0.847842981   0.741379310   0.879310345
   7   8   7   8   0.759108063   0.820329801   0.775862069   0.844827586
   7   8   7   8   0.795159647   0.888136110   0.775862069   0.879310345
   7   8   7   8   0.734356102   0.834468980   0.706896552   0.775862069
   7   8   7   8   0.738430324   0.864327452   0.706896552   0.913793103
   7   8   7   8   0.712870376   0.804113715   0.672413793   0.810344828
   7   8   7   8   0.715775652   0.874273095   0.672413793   0.879310345
   7   9   7   9   0.767317526   0.940861651   0.741379310   0.913793103
   7   9   7   9   0.753244630   0.919243786   0.741379310   0.948275862
   7   9   7   9   0.711545270   0.947530605   0.741379310   0.982758621
   7   9   7   9   0.795500653   0.930019164   0.775862069   0.913793103
   7   9   7   9   0.773027451   0.989972690   0.775862069   0.948275862
   7   9   7   9   0.769719647   0.963101057   0.775862069   0.982758621
   7   9   7   9   0.711846045   0.974107348   0.706896552   0.982758621
   8   0   8   0   0.807582300   0.011426026   0.810344828   0.017241379
   8   0   8   0   0.803540205   0.033984023   0.810344828   0.051724138
   8   0   8   0   0.817124261   0.077010362   0.810344828   0.086206897
   8   0   8   0   0.830323208   0.013460218   0.844827586   0.017241379
   8   0   8   0   0.879894115   0.033990861   0.879310345   0.051724138
   8   0   8   0   0.873453299   0.063526595   0.879310345   0.086206897
   8   0   8   0   0.874028991   0.085044498   0.844827586   0.086206897
   8   0   8   0   0.896635135   0.095502667   0.913793103   0.086206897
   8   0   8   0   0.899452550   0.010807067   0.913793103   0.017241379
   8   1   8   1   0.826115745   0.113671885   0.810344828   0.120689655
   8   1   8   1   0.863521888   0.160280202   0.844827586   0.120689655
   8   1   8   1   0.873441808   0.128663055   0.879310345   0.120689655
   8   1   8   1   0.898531714   0.168868664   0.879310345   0.155172414
   8   1   8   1   0.888709560   0.192852961   0.913793103   0.155172414
   8   1   8   1   0.804991658   0.116788343   0.775862069   0.086206897
   8   1   8   1   0.858086494   0.106625245   0.844827586   0.051724138
   8   2   8   2   0.815533170   0.248853431   0.810344828   0.224137931
   8   2   8   2   0.855731269   0.208508451   0.844827586   0.224137931
   8   2   8   2   0.876261197   0.277380246   0.844827586   0.258620690
   8   2   8   2   0.883492836   0.212724294   0.879310345   0.224137931
   8   2   8   2   0.864837947   0.237213058   0.879310345   0.293103448
   8   2   8   2   0.806519712   0.208324098   0.844827586   0.189655172
   8   2   8   2   0.839427615   0.295522677   0.844827586   0.293103448
   8   3   8   3   0.805313763   0.329471182   0.810344828   0.327586207
   8   3   8   3   0.819179067   0.373584192   0.810344828   0.362068966
   8   3   8   3   0.856441731   0.346984687   0.844827586   0.327586207
   8   3   8   3   0.830839237   0.391246856   0.844827586   0.362068966
   8   3   8   3   0.896736402   0.304713246   0.879310345   0.327586207
   8   3   8   3   0.837378248   0.360971692   0.879310345   0.362068966
   8   3   8   3   0.863621627   0.369685533   0.879310345   0.396551724
   8   3   8   3   0.816948513   0.300741891   0.810344828   0.293103448
   8   3   8   3   0.896948800   0.354082366   0.913793103   0.327586207
   8   3   8   3   0.889440504   0.398426470   0.913793103   0.396551724
   8   4   8   4   0.842617994   0.423618964   0.844827586   0.431034483
   8   4   8   4   0.870219886   0.466081614   0.844827586   0.465517241
   8   4   8   4   0.859187799   0.437660939   0.879310345   0.431034483
   8   4   8   4   0.867992729   0.497218292   0.879310345   0.465517241
   8   4   8   4   0.820167874   0.415646417   0.844827586   0.396551724
   8   4   8   4   0.885545078   0.434521008   0.913793103   0.431034483
   8   4   8   4   0.891858445   0.456091983   0.913793103   0.465517241
   8   4   8   4   0.806573015   0.443578547   0.810344828   0.431034483
   8   4   8   4   0.844527098   0.493615908   0.844827586   0.500000000
   8   5   8   5   0.829414658   0.525193814   0.810344828   0.534482759
   8   5   8   5   0.833793919   0.560264680   0.844827586   0.534482759
   8   5   8   5   0.846066151   0.576438175   0.844827586   0.568965517
   8   5   8   5   0.882433877   0.511368413   0.879310345   0.500000000
   8   5   8   5   0.860095795   0.520422700   0.879310345   0.534482759
   8   5   8   5   0.877070332   0.543917946   0.879310345   0.568965517
   8   5   8   5   0.886031535   0.595464383   0.844827586   0.603448276
   8   5   8   5   0.888385716   0.561218151   0.913793103   0.568965517
   8   5   8   5   0.856170499   0.596323178   0.810344828   0.603448276
   8   5   8   5   0.820648772   0.502986779   0.810344828   0.465517241
   8   6   8   6   0.826258841   0.668432126   0.810344828   0.637931034
   8   6   8   6   0.817961928   0.643402959   0.844827586   0.637931034
   8   6   8   6   0.844163023   0.639511073   0.844827586   0.672413793
   8   6   8   6   0.881910391   0.638979396   0.879310345   0.637931034
   8   6   8   6   0.803916522   0.620774750   0.775862069   0.603448276
   8   6   8   6   0.868394998   0.698986372   0.844827586   0.706896552
   8   6   8   6   0.823738253   0.688960395   0.775862069   0.706896552
   8   6   8   6   0.827811909   0.609363132   0.810344828   0.568965517
   8   7   8   7   0.838041685   0.778285603   0.810344828   0.706896552
   8   7   8   7   0.816378128   0.797413910   0.810344828   0.775862069
   8   7   8   7   0.851632343   0.763361559   0.844827586   0.741379310
   8   7   8   7   0.843247464   0.709290517   0.879310345   0.741379310
   8   7   8   7   0.874085280   0.774627355   0.879310345   0.775862069
   8   7   8   7   0.871531629   0.739753218   0.913793103   0.741379310
   8   7   8   7   0.824371175   0.762069554   0.810344828   0.672413793
   8   7   8   7   0.895373355   0.797089716   0.913793103   0.775862069
   8   7   8   7   0.892424081   0.744240505   0.948275862   0.741379310
   8   8   8   8   0.844500359   0.806697483   0.810344828   0.810344828
   8   8   8   8   0.840665661   0.838585796   0.810344828   0.844827586
   8   8   8   8   0.865736202   0.825357433   0.844827586   0.810344828
   8   8   8   8   0.851031863   0.861850562   0.844827586   0.844827586
   8   8   8   8   0.884279408   0.880442297   0.844827586   0.879310345
   8   8   8   8   0.892434948   0.820403777   0.879310345   0.810344828
   8   8   8   8   0.894812324   0.847047866   0.879310345   0.844827586
   8   8   8   8   0.870776428   0.855070447   0.879310345   0.879310345
   8   8   8   8   0.823766097   0.864363760   0.810344828   0.913793103
   8   8   8   8   0.815273283   0.882960581   0.810344828   0.879310345
   8   8   8   8   0.867239621   0.801340104   0.844827586   0.775862069
   8   8   8   8   0.863258813   0.899374301   0.879310345   0.913793103
   8   8   8   8   0.801705205   0.817145880   0.775862069   0.810344828
   8   9   8   9   0.812221545   0.985526623   0.810344828   0.948275862
   8   9   8   9   0.845334018   0.986648560   0.810344828   0.982758621
   8   9   8   9   0.825091862   0.947131253   0.844827586   0.913793103
   8   9   8   9   0.830186678   0.916873135   0.844827586   0.948275862
   8   9   8   9   0.854473308   0.954785900   0.844827586   0.982758621
   8   9   8   9   0.850097721   0.921282432   0.879310345   0.948275862
   8   9   8   9   0.864714053   0.935182872   0.879310345   0.982758621
   8   9   8   9   0.891691611   0.941814248   0.913793103   0.948275862
   8   9   8   9   0.872457070   0.985091639   0.913793103   0.982758621
   8   9   8   9   0.888579860   0.915853063   0.913793103   0.879310345
   9   0   9   0   0.924901121   0.081751695   0.913793103   0.051724138
   9   0   9   0   0.935595719   0.011667008   0.948275862   0.017241379
   9   0   9   0   0.940320670   0.059266009   0.948275862   0.051724138
   9   0   9   0   0.953120637   0.090911186   0.948275862   0.086206897
   9   0   9   0   0.939604960   0.037961507   0.982758621   0.017241379
   9   0   9   0   0.988654297   0.010574323   0.982758621   0.051724138
   9   0   9   0   0.906271150   0.053809246   0.879310345   0.017241379
   9   1   9   1   0.909343890   0.127906819   0.913793103   0.120689655
   9   1   9   1   0.953763326   0.112513089   0.948275862   0.120689655
   9   1   9   1   0.932907823   0.141467177   0.948275862   0.155172414
   9   1   9   1   0.980872376   0.151740403   0.982758621   0.120689655
   9   1   9   1   0.962406540   0.134250866   0.982758621   0.155172414
   9   1   9   1   0.947187823   0.174418988   0.982758621   0.189655172
   9   1   9   1   0.977956130   0.110945126   0.982758621   0.086206897
   9   1   9   1   0.961071229   0.191695923   0.982758621   0.224137931
   9   2   9   2   0.930073329   0.222609594   0.913793103   0.224137931
   9   2   9   2   0.928900601   0.279621599   0.913793103   0.258620690
   9   2   9   2   0.954989311   0.286439421   0.948275862   0.224137931
   9   2   9   2   0.987787035   0.276419525   0.948275862   0.258620690
   9   2   9   2   0.982929865   0.219449340   0.982758621   0.258620690
   9   2   9   2   0.967915337   0.245211714   0.948275862   0.189655172
   9   2   9   2   0.929530135   0.255037122   0.879310345   0.258620690
   9   2   9   2   0.907363886   0.250601095   0.879310345   0.189655172
   9   2   9   2   0.930652253   0.201910589   0.913793103   0.189655172
   9   3   9   3   0.950478440   0.334807831   0.948275862   0.327586207
   9   3   9   3   0.934770661   0.356411017   0.948275862   0.362068966
   9   3   9   3   0.955010514   0.376949733   0.948275862   0.396551724
   9   3   9   3   0.985415183   0.350861400   0.982758621   0.327586207
   9   3   9   3   0.980967798   0.378015081   0.982758621   0.362068966
   9   3   9   3   0.917160903   0.340280366   0.913793103   0.293103448
   9   3   9   3   0.971423415   0.327307089   0.948275862   0.293103448
   9   3   9   3   0.967858663   0.302979814   0.982758621   0.293103448
   9   4   9   4   0.960730909   0.418145762   0.948275862   0.431034483
   9   4   9   4   0.950348725   0.473071562   0.948275862   0.465517241
   9   4   9   4   0.962758689   0.443019090   0.982758621   0.431034483
   9   4   9   4   0.971923528   0.465687102   0.982758621   0.465517241
   9   4   9   4   0.913791462   0.470110227   0.913793103   0.500000000
   9   4   9   4   0.928883236   0.444415606   0.913793103   0.362068966
   9   4   9   4   0.984525825   0.408056799   0.982758621   0.396551724
   9   5   9   5   0.923693793   0.555370420   0.948275862   0.500000000
   9   5   9   5   0.915534479   0.528649329   0.948275862   0.534482759
   9   5   9   5   0.940496666   0.574877851   0.948275862   0.568965517
   9   5   9   5   0.965794740   0.520119976   0.982758621   0.534482759
   9   5   9   5   0.977501955   0.586877279   0.982758621   0.568965517
   9   5   9   5   0.978974086   0.563722415   0.948275862   0.603448276
   9   5   9   5   0.912070920   0.578326835   0.879310345   0.603448276
   9   5   9   5   0.911251708   0.504883043   0.913793103   0.534482759
   9   5   9   5   0.952087817   0.501262844   0.982758621   0.500000000
   9   6   9   6   0.953028663   0.688231827   0.913793103   0.672413793
   9   6   9   6   0.907089639   0.658152235   0.948275862   0.637931034
   9   6   9   6   0.963588123   0.650855086   0.948275862   0.672413793
   9   6   9   6   0.969122545   0.624675160   0.982758621   0.603448276
   9   6   9   6   0.988839279   0.609697132   0.982758621   0.637931034
   9   6   9   6   0.984918607   0.658222466   0.982758621   0.672413793
   9   6   9   6   0.913359848   0.692160688   0.913793103   0.706896552
   9   6   9   6   0.924633179   0.617878575   0.913793103   0.603448276
   9   6   9   6   0.903496725   0.607214954   0.913793103   0.637931034
   9   7   9   7   0.949707540   0.728036580   0.948275862   0.706896552
   9   7   9   7   0.936568426   0.767185935   0.948275862   0.775862069
   9   7   9   7   0.974083781   0.727035219   0.982758621   0.706896552
   9   7   9   7   0.966450379   0.760161884   0.982758621   0.741379310
   9   7   9   7   0.986031489   0.774245953   0.982758621   0.775862069
   9   7   9   7   0.953385394   0.778123675   0.982758621   0.810344828
   9   7   9   7   0.940749728   0.707373541   0.879310345   0.706896552
   9   7   9   7   0.922266107   0.722941940   0.879310345   0.672413793
   9   7   9   7   0.933629035   0.796391229   0.948275862   0.810344828
   9   7   9   7   0.956989384   0.798050007   0.948275862   0.844827586
   9   8   9   8   0.930337926   0.838865956   0.913793103   0.844827586
   9   8   9   8   0.940624034   0.891065979   0.948275862   0.879310345
   9   8   9   8   0.975693728   0.850240640   0.982758621   0.844827586
   9   8   9   8   0.985956724   0.885919359   0.982758621   0.879310345
   9   8   9   8   0.919987834   0.879854011   0.913793103   0.810344828
   9   9   9   9   0.930225839   0.956652214   0.913793103   0.913793103
   9   9   9   9   0.943657512   0.924686698   0.948275862   0.913793103
   9   9   9   9   0.951224033   0.950452857   0.948275862   0.948275862
   9   9   9   9   0.957141121   0.984903386   0.948275862   0.982758621
   9   9   9   9   0.965942197   0.917431519   0.982758621   0.913793103
   9   9   9   9   0.977766579   0.955874090   0.982758621   0.948275862
   9   9   9   9   0.980010152   0.982080619   0.982758621   0.982758621
