# ix  iyhoodxhoody             x             y         x_org         y_org
   0   0   0   0   0.014995132   0.051617142   0.017241379   0.017241379
   0   0   0   0   0.037125743   0.020099211   0.017241379   0.051724138
   0   0   0   0   0.066348463   0.039245542   0.051724138   0.051724138
   0   0   0   0   0.036326064   0.043843734   0.051724138   0.086206897
   0   0   0   0   0.055286217   0.010406508   0.155172414   0.051724138
   0   0   0   0   0.087422444   0.047476417   0.086206897   0.086206897
   0   0   0   0   0.058114011   0.059724013   0.051724138   0.120689655
   0   0   0   0   0.040033487   0.086454335   0.051724138   0.155172414
   0   0   0   0   0.090377391   0.019294419   0.086206897   0.017241379
   0   0   0   0   0.093968219   0.092171373   0.086206897   0.051724138
   0   1   0   1   0.054217156   0.123433985   0.017241379   0.120689655
   0   1   0   1   0.053908477   0.152625019   0.017241379   0.155172414
   0   1   0   1   0.033297053   0.145737703   0.017241379   0.189655172
   0   1   0   1   0.092726009   0.112303443   0.086206897   0.155172414
   0   1   0   1   0.012680896   0.129055666   0.017241379   0.086206897
   0   1   0   1   0.086053001   0.146668414   0.224137931   0.120689655
   0   1   0   1   0.040604515   0.188058567   0.051724138   0.189655172
   0   1   0   1   0.016161201   0.196367077   0.051724138   0.258620690
   0   2   0   2   0.031217257   0.260116294   0.017241379   0.224137931
   0   2   0   2   0.029964568   0.215640268   0.120689655   0.258620690
   0   2   0   2   0.092098210   0.252647618   0.120689655   0.189655172
   0   2   0   2   0.061596744   0.258615452   0.017241379   0.327586207
   0   2   0   2   0.074433433   0.229902042   0.051724138   0.224137931
   0   2   0   2   0.076701140   0.206676422   0.086206897   0.258620690
   0   2   0   2   0.079171948   0.274327829   0.155172414   0.431034483
   0   2   0   2   0.050327607   0.298061059   0.086206897   0.396551724
   0   3   0   3   0.076582078   0.391689085   0.086206897   0.327586207
   0   3   0   3   0.029289888   0.331054907   0.086206897   0.362068966
   0   3   0   3   0.059193223   0.359228293   0.155172414   0.362068966
   0   3   0   3   0.023485379   0.370419978   0.051724138   0.362068966
   0   3   0   3   0.051238817   0.386981348   0.086206897   0.431034483
   0   3   0   3   0.061150264   0.336031022   0.017241379   0.293103448
   0   3   0   3   0.093415475   0.335900868   0.120689655   0.396551724
   0   3   0   3   0.092924713   0.375377346   0.051724138   0.327586207
   0   4   0   4   0.036566817   0.426604293   0.017241379   0.431034483
   0   4   0   4   0.010135107   0.445355862   0.017241379   0.465517241
   0   4   0   4   0.067706370   0.466379941   0.051724138   0.396551724
   0   4   0   4   0.062476751   0.407565692   0.120689655   0.431034483
   0   4   0   4   0.077352933   0.492112366   0.017241379   0.500000000
   0   4   0   4   0.097788313   0.468853832   0.086206897   0.465517241
   0   5   0   5   0.016912574   0.517970773   0.017241379   0.534482759
   0   5   0   5   0.091473784   0.544497843   0.017241379   0.568965517
   0   5   0   5   0.065489165   0.571913299   0.086206897   0.534482759
   0   5   0   5   0.014884864   0.576296999   0.051724138   0.465517241
   0   5   0   5   0.051609043   0.550174825   0.051724138   0.431034483
   0   5   0   5   0.052634452   0.504187996   0.051724138   0.500000000
   0   6   0   6   0.054892527   0.645975120   0.017241379   0.672413793
   0   6   0   6   0.034110077   0.678350302   0.051724138   0.672413793
   0   6   0   6   0.039908961   0.607632855   0.017241379   0.637931034
   0   6   0   6   0.010776793   0.681026098   0.017241379   0.741379310
   0   6   0   6   0.065088822   0.687850105   0.017241379   0.706896552
   0   6   0   6   0.032168258   0.698262050   0.086206897   0.706896552
   0   6   0   6   0.010608732   0.603539456   0.017241379   0.603448276
   0   7   0   7   0.079284495   0.787989668   0.017241379   0.775862069
   0   7   0   7   0.030524708   0.740513399   0.051724138   0.741379310
   0   7   0   7   0.012469275   0.713032903   0.051724138   0.775862069
   0   7   0   7   0.068723680   0.766511025   0.120689655   0.741379310
   0   7   0   7   0.047046318   0.776351790   0.120689655   0.706896552
   0   7   0   7   0.054894043   0.744586280   0.120689655   0.637931034
   0   7   0   7   0.086134800   0.737884599   0.120689655   0.672413793
   0   7   0   7   0.097600424   0.717614831   0.086206897   0.672413793
   0   8   0   8   0.039680797   0.847019710   0.017241379   0.810344828
   0   8   0   8   0.065040303   0.846082658   0.017241379   0.844827586
   0   8   0   8   0.053083442   0.877486875   0.051724138   0.879310345
   0   8   0   8   0.021576565   0.890711340   0.017241379   0.913793103
   0   8   0   8   0.055477185   0.804175138   0.120689655   0.810344828
   0   8   0   8   0.088418040   0.830460026   0.051724138   0.810344828
   0   8   0   8   0.017973860   0.834828035   0.086206897   0.741379310
   0   9   0   9   0.069494728   0.979529349   0.017241379   0.948275862
   0   9   0   9   0.032382243   0.985951858   0.017241379   0.982758621
   0   9   0   9   0.057730134   0.960378480   0.051724138   0.948275862
   0   9   0   9   0.085897709   0.930882352   0.051724138   0.913793103
   0   9   0   9   0.059776977   0.940224025   0.017241379   0.879310345
   0   9   0   9   0.095303957   0.984549188   0.051724138   0.982758621
   0   9   0   9   0.041521200   0.912512599   0.086206897   0.844827586
   1   0   1   0   0.157275228   0.066339786   0.120689655   0.017241379
   1   0   1   0   0.167438043   0.044065098   0.120689655   0.051724138
   1   0   1   0   0.178612458   0.021780900   0.155172414   0.017241379
   1   0   1   0   0.189020020   0.052715174   0.189655172   0.017241379
   1   0   1   0   0.133304182   0.013282890   0.051724138   0.017241379
   1   0   1   0   0.192341893   0.074347772   0.120689655   0.155172414
   1   0   1   0   0.147448509   0.035576832   0.086206897   0.120689655
   1   0   1   0   0.108534373   0.064183026   0.086206897   0.189655172
   1   1   1   1   0.145452308   0.106289693   0.155172414   0.155172414
   1   1   1   1   0.133416432   0.168874322   0.120689655   0.224137931
   1   1   1   1   0.125144265   0.142868480   0.155172414   0.189655172
   1   1   1   1   0.166239438   0.146043660   0.189655172   0.224137931
   1   1   1   1   0.100951819   0.165183713   0.189655172   0.189655172
   1   1   1   1   0.157930973   0.191183498   0.155172414   0.224137931
   1   1   1   1   0.193288154   0.176325193   0.258620690   0.155172414
   1   1   1   1   0.189478507   0.154734955   0.293103448   0.051724138
   1   2   1   2   0.146553685   0.262000130   0.086206897   0.224137931
   1   2   1   2   0.137140334   0.228146928   0.189655172   0.155172414
   1   2   1   2   0.103956593   0.230223886   0.120689655   0.327586207
   1   2   1   2   0.181389079   0.262577289   0.120689655   0.293103448
   1   2   1   2   0.171404942   0.238068213   0.258620690   0.258620690
   1   2   1   2   0.128485059   0.271461282   0.120689655   0.362068966
   1   2   1   2   0.164696107   0.282704737   0.224137931   0.189655172
   1   2   1   2   0.170811296   0.213904271   0.189655172   0.086206897
   1   2   1   2   0.107852149   0.266391890   0.051724138   0.293103448
   1   2   1   2   0.118791327   0.299116043   0.017241379   0.362068966
   1   3   1   3   0.150868778   0.379394447   0.189655172   0.327586207
   1   3   1   3   0.147344160   0.344246082   0.155172414   0.258620690
   1   3   1   3   0.185121061   0.368553516   0.189655172   0.465517241
   1   3   1   3   0.121043811   0.329570365   0.017241379   0.258620690
   1   3   1   3   0.164214807   0.310444525   0.224137931   0.293103448
   1   3   1   3   0.192807404   0.337479528   0.155172414   0.293103448
   1   3   1   3   0.140430738   0.317166902   0.086206897   0.293103448
   1   3   1   3   0.185544848   0.318477978   0.224137931   0.327586207
   1   3   1   3   0.114764748   0.398727994   0.189655172   0.431034483
   1   4   1   4   0.151872403   0.448752205   0.120689655   0.465517241
   1   4   1   4   0.195743403   0.464361523   0.155172414   0.465517241
   1   4   1   4   0.148633803   0.426320046   0.086206897   0.500000000
   1   4   1   4   0.129318298   0.489172334   0.155172414   0.534482759
   1   4   1   4   0.121910680   0.448357941   0.258620690   0.465517241
   1   4   1   4   0.151204873   0.472124320   0.086206897   0.568965517
   1   4   1   4   0.196133720   0.405497375   0.189655172   0.258620690
   1   4   1   4   0.178967057   0.422745933   0.224137931   0.534482759
   1   4   1   4   0.146964646   0.499457947   0.120689655   0.500000000
   1   5   1   5   0.120565963   0.553969476   0.086206897   0.603448276
   1   5   1   5   0.198107214   0.585452094   0.155172414   0.500000000
   1   5   1   5   0.169563511   0.510446674   0.189655172   0.500000000
   1   5   1   5   0.149390692   0.557453660   0.051724138   0.534482759
   1   5   1   5   0.136076035   0.528912594   0.120689655   0.534482759
   1   5   1   5   0.190911986   0.529470760   0.189655172   0.534482759
   1   5   1   5   0.119506569   0.513074695   0.017241379   0.396551724
   1   5   1   5   0.189570143   0.503829936   0.224137931   0.465517241
   1   6   1   6   0.146640615   0.691560840   0.155172414   0.603448276
   1   6   1   6   0.121802662   0.655461825   0.189655172   0.672413793
   1   6   1   6   0.192051350   0.616401751   0.155172414   0.706896552
   1   6   1   6   0.154651876   0.646679680   0.051724138   0.637931034
   1   6   1   6   0.158531348   0.673143086   0.086206897   0.637931034
   1   6   1   6   0.189237489   0.674623334   0.155172414   0.637931034
   1   6   1   6   0.165968505   0.603884443   0.120689655   0.603448276
   1   6   1   6   0.139529359   0.631058431   0.120689655   0.568965517
   1   6   1   6   0.119064239   0.684018375   0.155172414   0.672413793
   1   6   1   6   0.139841677   0.607212227   0.051724138   0.568965517
   1   6   1   6   0.174592745   0.689572095   0.155172414   0.775862069
   1   6   1   6   0.103341273   0.671321262   0.051724138   0.706896552
   1   6   1   6   0.105838558   0.640901504   0.051724138   0.603448276
   1   7   1   7   0.135782467   0.729836761   0.155172414   0.741379310
   1   7   1   7   0.177501531   0.765823581   0.155172414   0.810344828
   1   7   1   7   0.142574002   0.762729713   0.086206897   0.775862069
   1   7   1   7   0.162337656   0.708337667   0.224137931   0.810344828
   1   7   1   7   0.113803748   0.742051661   0.189655172   0.844827586
   1   7   1   7   0.155193862   0.793622963   0.155172414   0.879310345
   1   7   1   7   0.175968900   0.791904722   0.224137931   0.741379310
   1   7   1   7   0.123788738   0.780296828   0.120689655   0.775862069
   1   7   1   7   0.182241873   0.713530916   0.155172414   0.844827586
   1   8   1   8   0.155321767   0.842147284   0.086206897   0.879310345
   1   8   1   8   0.115042671   0.879222347   0.051724138   0.844827586
   1   8   1   8   0.154929854   0.813877162   0.120689655   0.879310345
   1   8   1   8   0.121429011   0.830361762   0.189655172   0.810344828
   1   8   1   8   0.157385770   0.862362582   0.086206897   0.948275862
   1   8   1   8   0.192543877   0.877286908   0.224137931   0.879310345
   1   8   1   8   0.174952686   0.814649280   0.258620690   0.741379310
   1   9   1   9   0.149598093   0.982859086   0.155172414   0.982758621
   1   9   1   9   0.183191207   0.973212953   0.189655172   0.982758621
   1   9   1   9   0.174142583   0.944888796   0.189655172   0.879310345
   1   9   1   9   0.132604663   0.920498746   0.086206897   0.913793103
   1   9   1   9   0.148460109   0.941246017   0.120689655   0.982758621
   1   9   1   9   0.155269893   0.922031890   0.120689655   0.913793103
   1   9   1   9   0.101917912   0.915234817   0.086206897   0.810344828
   1   9   1   9   0.101796894   0.953109145   0.086206897   0.982758621
   2   0   2   0   0.289774313   0.065057230   0.224137931   0.051724138
   2   0   2   0   0.239945575   0.023047686   0.258620690   0.086206897
   2   0   2   0   0.227240710   0.038689307   0.120689655   0.086206897
   2   0   2   0   0.267516731   0.048820640   0.120689655   0.120689655
   2   0   2   0   0.210611170   0.055843385   0.155172414   0.120689655
   2   0   2   0   0.219492573   0.074510432   0.293103448   0.120689655
   2   0   2   0   0.291659957   0.085423586   0.293103448   0.017241379
   2   0   2   0   0.213109614   0.010591531   0.189655172   0.051724138
   2   0   2   0   0.201509035   0.097370324   0.224137931   0.155172414
   2   1   2   1   0.225880758   0.168375060   0.258620690   0.120689655
   2   1   2   1   0.250046786   0.184486989   0.327586207   0.120689655
   2   1   2   1   0.228128640   0.193050324   0.327586207   0.189655172
   2   1   2   1   0.280073649   0.184203974   0.293103448   0.189655172
   2   1   2   1   0.256964737   0.113630553   0.362068966   0.258620690
   2   1   2   1   0.209753342   0.151413857   0.155172414   0.086206897
   2   1   2   1   0.276484207   0.102870530   0.327586207   0.086206897
   2   1   2   1   0.224228919   0.105170059   0.327586207   0.051724138
   2   2   2   2   0.267573818   0.252193233   0.224137931   0.224137931
   2   2   2   2   0.282857732   0.204900729   0.293103448   0.258620690
   2   2   2   2   0.247045049   0.250465592   0.189655172   0.120689655
   2   2   2   2   0.234411899   0.285696674   0.327586207   0.258620690
   2   2   2   2   0.273977419   0.224539634   0.258620690   0.224137931
   2   2   2   2   0.285073187   0.279390315   0.258620690   0.293103448
   2   2   2   2   0.218196166   0.264620166   0.189655172   0.293103448
   2   2   2   2   0.207686013   0.229964504   0.224137931   0.086206897
   2   2   2   2   0.258726086   0.277330152   0.293103448   0.327586207
   2   2   2   2   0.211708745   0.205205122   0.293103448   0.155172414
   2   2   2   2   0.201228811   0.282002759   0.224137931   0.258620690
   2   3   2   3   0.209058917   0.307373387   0.293103448   0.362068966
   2   3   2   3   0.280652713   0.391085780   0.155172414   0.396551724
   2   3   2   3   0.217113015   0.360325162   0.155172414   0.327586207
   2   3   2   3   0.242215938   0.374484981   0.224137931   0.431034483
   2   4   2   4   0.274031273   0.497705104   0.258620690   0.431034483
   2   4   2   4   0.282944525   0.432620387   0.293103448   0.431034483
   2   4   2   4   0.209696107   0.447232391   0.258620690   0.362068966
   2   4   2   4   0.234499385   0.459657210   0.362068966   0.465517241
   2   4   2   4   0.211523670   0.490816705   0.293103448   0.465517241
   2   4   2   4   0.249339847   0.430377570   0.224137931   0.396551724
   2   4   2   4   0.262676687   0.401078075   0.189655172   0.362068966
   2   4   2   4   0.234264935   0.409971002   0.189655172   0.396551724
   2   4   2   4   0.298074552   0.477796541   0.258620690   0.500000000
   2   5   2   5   0.202523676   0.554278907   0.224137931   0.603448276
   2   5   2   5   0.262576657   0.545111233   0.224137931   0.500000000
   2   5   2   5   0.250559743   0.501637478   0.258620690   0.603448276
   2   5   2   5   0.280982852   0.554200160   0.293103448   0.637931034
   2   5   2   5   0.259710263   0.580094996   0.224137931   0.637931034
   2   5   2   5   0.207807435   0.518570136   0.293103448   0.500000000
   2   5   2   5   0.225235767   0.598534125   0.155172414   0.568965517
   2   6   2   6   0.256931111   0.642360553   0.258620690   0.637931034
   2   6   2   6   0.285580340   0.638875447   0.224137931   0.706896552
   2   6   2   6   0.234924863   0.648841130   0.189655172   0.603448276
   2   6   2   6   0.255419357   0.666326498   0.258620690   0.706896552
   2   6   2   6   0.273041400   0.684038932   0.258620690   0.672413793
   2   6   2   6   0.214652928   0.628999546   0.189655172   0.637931034
   2   6   2   6   0.291450035   0.671903906   0.327586207   0.741379310
   2   6   2   6   0.251331476   0.604356056   0.258620690   0.568965517
   2   6   2   6   0.275541700   0.609007120   0.327586207   0.603448276
   2   6   2   6   0.215623920   0.658118117   0.189655172   0.568965517
   2   6   2   6   0.224621495   0.688832762   0.189655172   0.706896552
   2   7   2   7   0.230106374   0.765220133   0.293103448   0.741379310
   2   7   2   7   0.272941140   0.712719962   0.189655172   0.775862069
   2   7   2   7   0.261042494   0.765021171   0.224137931   0.672413793
   2   7   2   7   0.293979534   0.781632021   0.189655172   0.741379310
   2   7   2   7   0.239493633   0.737731073   0.224137931   0.568965517
   2   7   2   7   0.241524895   0.786423445   0.258620690   0.844827586
   2   7   2   7   0.212307172   0.744482465   0.224137931   0.775862069
   2   7   2   7   0.268250266   0.796053946   0.327586207   0.810344828
   2   8   2   8   0.240899716   0.874037665   0.224137931   0.844827586
   2   8   2   8   0.237731659   0.894117308   0.258620690   0.948275862
   2   8   2   8   0.282290922   0.882986102   0.293103448   0.810344828
   2   8   2   8   0.220091015   0.828536112   0.293103448   0.706896552
   2   8   2   8   0.207826409   0.845059178   0.120689655   0.844827586
   2   9   2   9   0.249588075   0.989954994   0.224137931   0.948275862
   2   9   2   9   0.240888548   0.963077342   0.224137931   0.982758621
   2   9   2   9   0.275121954   0.943701442   0.293103448   0.844827586
   2   9   2   9   0.238221858   0.923512687   0.224137931   0.913793103
   2   9   2   9   0.215847357   0.982870673   0.155172414   0.948275862
   2   9   2   9   0.207623133   0.903874949   0.155172414   0.913793103
   2   9   2   9   0.213306274   0.937943886   0.189655172   0.913793103
   2   9   2   9   0.204401765   0.958334065   0.120689655   0.948275862
   2   9   2   9   0.272974173   0.985191708   0.293103448   0.913793103
   2   9   2   9   0.269281276   0.924160075   0.258620690   0.879310345
   2   9   2   9   0.298435487   0.982192748   0.293103448   0.982758621
   3   0   3   0   0.341471663   0.080492235   0.327586207   0.017241379
   3   0   3   0   0.359269635   0.013685415   0.396551724   0.017241379
   3   0   3   0   0.368076162   0.067798405   0.396551724   0.051724138
   3   0   3   0   0.309933693   0.074591829   0.396551724   0.086206897
   3   0   3   0   0.333046472   0.028891576   0.224137931   0.017241379
   3   0   3   0   0.346083567   0.051082652   0.465517241   0.120689655
   3   0   3   0   0.379575931   0.012617194   0.465517241   0.051724138
   3   0   3   0   0.315327346   0.013813783   0.258620690   0.051724138
   3   0   3   0   0.303665148   0.034429838   0.258620690   0.017241379
   3   1   3   1   0.391066436   0.193194961   0.362068966   0.120689655
   3   1   3   1   0.356043129   0.173574843   0.362068966   0.086206897
   3   1   3   1   0.303132789   0.132324192   0.362068966   0.051724138
   3   1   3   1   0.388419178   0.164739249   0.362068966   0.017241379
   3   1   3   1   0.318974977   0.172458182   0.293103448   0.224137931
   3   1   3   1   0.323964389   0.122208953   0.465517241   0.017241379
   3   1   3   1   0.334965282   0.157967621   0.362068966   0.224137931
   3   1   3   1   0.371123466   0.149769248   0.500000000   0.051724138
   3   1   3   1   0.378402889   0.109171727   0.431034483   0.017241379
   3   1   3   1   0.349252422   0.101287602   0.293103448   0.086206897
   3   2   3   2   0.374377148   0.221626802   0.362068966   0.293103448
   3   2   3   2   0.318426545   0.230478163   0.396551724   0.224137931
   3   2   3   2   0.341509673   0.240298606   0.362068966   0.327586207
   3   2   3   2   0.367588868   0.278384241   0.362068966   0.155172414
   3   2   3   2   0.304205558   0.209894733   0.258620690   0.189655172
   3   2   3   2   0.303156843   0.269740492   0.258620690   0.327586207
   3   2   3   2   0.346846496   0.201977701   0.327586207   0.155172414
   3   2   3   2   0.386102144   0.258151349   0.431034483   0.155172414
   3   2   3   2   0.304095449   0.299103621   0.293103448   0.293103448
   3   2   3   2   0.398940919   0.232994794   0.362068966   0.189655172
   3   3   3   3   0.322901697   0.356329419   0.396551724   0.327586207
   3   3   3   3   0.376951738   0.323112915   0.396551724   0.362068966
   3   3   3   3   0.363075790   0.350960030   0.327586207   0.362068966
   3   3   3   3   0.345233779   0.341920688   0.224137931   0.362068966
   3   3   3   3   0.331131796   0.379768382   0.431034483   0.431034483
   3   3   3   3   0.324464713   0.309259101   0.500000000   0.258620690
   3   3   3   3   0.374285586   0.379547999   0.534482759   0.465517241
   3   3   3   3   0.302151167   0.371603124   0.362068966   0.396551724
   3   3   3   3   0.349734509   0.308079325   0.327586207   0.224137931
   3   3   3   3   0.396108038   0.363385162   0.327586207   0.293103448
   3   3   3   3   0.309692129   0.329897045   0.327586207   0.396551724
   3   4   3   4   0.373314400   0.464286615   0.327586207   0.465517241
   3   4   3   4   0.347132912   0.489984681   0.293103448   0.396551724
   3   4   3   4   0.373189660   0.437908415   0.431034483   0.396551724
   3   4   3   4   0.349407299   0.457650550   0.293103448   0.534482759
   3   4   3   4   0.309384572   0.438717284   0.258620690   0.396551724
   3   4   3   4   0.350016977   0.405323134   0.465517241   0.431034483
   3   4   3   4   0.380165717   0.493277786   0.396551724   0.396551724
   3   4   3   4   0.306281401   0.410546294   0.362068966   0.362068966
   3   5   3   5   0.324436595   0.552091889   0.396551724   0.568965517
   3   5   3   5   0.310387303   0.528545175   0.327586207   0.500000000
   3   5   3   5   0.300978912   0.564382673   0.465517241   0.500000000
   3   5   3   5   0.374085563   0.556526786   0.327586207   0.534482759
   3   5   3   5   0.341080705   0.563573915   0.431034483   0.534482759
   3   5   3   5   0.332940813   0.533043619   0.327586207   0.431034483
   3   5   3   5   0.365747441   0.585135890   0.362068966   0.568965517
   3   5   3   5   0.387282186   0.595275899   0.293103448   0.568965517
   3   5   3   5   0.325102151   0.587181892   0.362068966   0.637931034
   3   6   3   6   0.368704206   0.647115755   0.327586207   0.568965517
   3   6   3   6   0.395895294   0.626290867   0.396551724   0.603448276
   3   6   3   6   0.351764120   0.671474318   0.293103448   0.603448276
   3   6   3   6   0.336033957   0.637824577   0.258620690   0.534482759
   3   6   3   6   0.324754152   0.684689159   0.293103448   0.672413793
   3   6   3   6   0.312245991   0.634762512   0.327586207   0.637931034
   3   6   3   6   0.373879598   0.623659699   0.431034483   0.568965517
   3   6   3   6   0.392763788   0.699134653   0.396551724   0.706896552
   3   6   3   6   0.353310991   0.620718174   0.362068966   0.534482759
   3   7   3   7   0.336612123   0.785136061   0.362068966   0.775862069
   3   7   3   7   0.350161296   0.736122468   0.293103448   0.775862069
   3   7   3   7   0.305554204   0.715265856   0.327586207   0.672413793
   3   7   3   7   0.335763416   0.751468493   0.258620690   0.775862069
   3   7   3   7   0.375280737   0.772052390   0.362068966   0.672413793
   3   7   3   7   0.355166440   0.756826241   0.362068966   0.879310345
   3   7   3   7   0.381065091   0.748367283   0.396551724   0.741379310
   3   7   3   7   0.355808701   0.791659195   0.396551724   0.844827586
   3   7   3   7   0.314727443   0.791770727   0.327586207   0.706896552
   3   8   3   8   0.368818131   0.819068112   0.327586207   0.879310345
   3   8   3   8   0.383549541   0.847096908   0.293103448   0.879310345
   3   8   3   8   0.314710583   0.848590401   0.327586207   0.775862069
   3   8   3   8   0.350385724   0.837885606   0.327586207   0.913793103
   3   8   3   8   0.324142366   0.872141383   0.258620690   0.810344828
   3   8   3   8   0.328655399   0.820188923   0.362068966   0.810344828
   3   8   3   8   0.349235479   0.890426821   0.189655172   0.948275862
   3   8   3   8   0.391183641   0.874031600   0.362068966   0.913793103
   3   9   3   9   0.356723837   0.954423907   0.327586207   0.948275862
   3   9   3   9   0.315612740   0.955661639   0.327586207   0.982758621
   3   9   3   9   0.370498368   0.979793660   0.362068966   0.948275862
   3   9   3   9   0.345484653   0.920154281   0.362068966   0.844827586
   3   9   3   9   0.332471712   0.977234467   0.258620690   0.982758621
   3   9   3   9   0.373260624   0.913205317   0.362068966   0.982758621
   3   9   3   9   0.307132830   0.921126175   0.327586207   0.844827586
   3   9   3   9   0.391140211   0.981446425   0.431034483   0.948275862
   3   9   3   9   0.396085692   0.919354960   0.396551724   0.948275862
   4   0   4   0   0.417951231   0.042188399   0.500000000   0.017241379
   4   0   4   0   0.409510718   0.062605619   0.568965517   0.051724138
   4   0   4   0   0.434007888   0.055764550   0.603448276   0.051724138
   4   0   4   0   0.442188278   0.015585033   0.568965517   0.017241379
   4   0   4   0   0.450748838   0.073091251   0.465517241   0.086206897
   4   0   4   0   0.487562879   0.071729075   0.603448276   0.017241379
   4   0   4   0   0.427927799   0.083660116   0.396551724   0.120689655
   4   1   4   1   0.423806838   0.140081555   0.500000000   0.155172414
   4   1   4   1   0.466860883   0.158545943   0.431034483   0.086206897
   4   1   4   1   0.412266215   0.168251797   0.431034483   0.051724138
   4   1   4   1   0.493803883   0.145595019   0.534482759   0.051724138
   4   1   4   1   0.499785733   0.179427356   0.465517241   0.224137931
   4   1   4   1   0.436070066   0.123492035   0.500000000   0.086206897
   4   2   4   2   0.454964340   0.260654864   0.500000000   0.293103448
   4   2   4   2   0.449351360   0.288150684   0.500000000   0.224137931
   4   2   4   2   0.494551189   0.245885159   0.465517241   0.189655172
   4   2   4   2   0.402222673   0.270268308   0.465517241   0.258620690
   4   2   4   2   0.499246130   0.223232412   0.465517241   0.155172414
   4   2   4   2   0.415826110   0.292444873   0.431034483   0.189655172
   4   2   4   2   0.432985021   0.233185206   0.500000000   0.189655172
   4   2   4   2   0.456765321   0.240478208   0.500000000   0.120689655
   4   2   4   2   0.415677788   0.213096158   0.396551724   0.189655172
   4   3   4   3   0.411946356   0.393361123   0.396551724   0.293103448
   4   3   4   3   0.429795325   0.329308286   0.431034483   0.293103448
   4   3   4   3   0.463867687   0.327707833   0.465517241   0.293103448
   4   3   4   3   0.456319585   0.360189395   0.431034483   0.224137931
   4   3   4   3   0.409783263   0.320849843   0.396551724   0.258620690
   4   3   4   3   0.431943115   0.304506655   0.327586207   0.327586207
   4   3   4   3   0.488962491   0.343430376   0.431034483   0.258620690
   4   3   4   3   0.497876600   0.369805159   0.568965517   0.431034483
   4   4   4   4   0.442046298   0.494327777   0.431034483   0.465517241
   4   4   4   4   0.446419128   0.441630064   0.396551724   0.465517241
   4   4   4   4   0.406251741   0.420312038   0.396551724   0.431034483
   4   4   4   4   0.477888826   0.429081511   0.465517241   0.327586207
   4   4   4   4   0.486889582   0.458941177   0.362068966   0.431034483
   4   4   4   4   0.430222044   0.467614936   0.431034483   0.500000000
   4   4   4   4   0.476139767   0.400741078   0.500000000   0.327586207
   4   4   4   4   0.440919755   0.413628093   0.431034483   0.362068966
   4   4   4   4   0.407622895   0.475685110   0.465517241   0.465517241
   4   5   4   5   0.474974849   0.549659824   0.465517241   0.534482759
   4   5   4   5   0.436955602   0.518024318   0.500000000   0.568965517
   4   5   4   5   0.446068773   0.551706754   0.500000000   0.603448276
   4   5   4   5   0.422772221   0.589194394   0.396551724   0.534482759
   4   5   4   5   0.452574437   0.588066465   0.465517241   0.603448276
   4   5   4   5   0.492343505   0.586355276   0.603448276   0.637931034
   4   5   4   5   0.461510971   0.532116720   0.500000000   0.500000000
   4   5   4   5   0.417517964   0.540418601   0.362068966   0.500000000
   4   5   4   5   0.402568408   0.512823646   0.396551724   0.500000000
   4   6   4   6   0.457110974   0.660078900   0.431034483   0.672413793
   4   6   4   6   0.449290470   0.680618312   0.396551724   0.637931034
   4   6   4   6   0.458113641   0.618353873   0.396551724   0.672413793
   4   6   4   6   0.470206037   0.641971431   0.500000000   0.637931034
   4   6   4   6   0.415165159   0.610232922   0.431034483   0.603448276
   4   6   4   6   0.437712581   0.651203749   0.362068966   0.603448276
   4   6   4   6   0.439521095   0.607533065   0.465517241   0.672413793
   4   6   4   6   0.423435750   0.677725149   0.431034483   0.637931034
   4   6   4   6   0.481168747   0.687059769   0.568965517   0.637931034
   4   6   4   6   0.490191405   0.636659382   0.603448276   0.706896552
   4   7   4   7   0.437926588   0.748027526   0.431034483   0.741379310
   4   7   4   7   0.466518916   0.750684743   0.465517241   0.775862069
   4   7   4   7   0.431960506   0.791114191   0.396551724   0.775862069
   4   7   4   7   0.466014645   0.726717559   0.362068966   0.741379310
   4   7   4   7   0.443914133   0.772459548   0.362068966   0.706896552
   4   7   4   7   0.424355482   0.763185235   0.396551724   0.810344828
   4   7   4   7   0.443030017   0.717270090   0.431034483   0.706896552
   4   7   4   7   0.494669179   0.779804491   0.534482759   0.775862069
   4   7   4   7   0.456440224   0.794297574   0.500000000   0.775862069
   4   7   4   7   0.407346344   0.791594209   0.431034483   0.844827586
   4   8   4   8   0.423392085   0.857037690   0.465517241   0.844827586
   4   8   4   8   0.465797655   0.819687227   0.396551724   0.879310345
   4   8   4   8   0.493344796   0.828362163   0.534482759   0.879310345
   4   8   4   8   0.469875033   0.857932561   0.465517241   0.982758621
   4   8   4   8   0.453067927   0.839133790   0.465517241   0.913793103
   4   8   4   8   0.495991653   0.863589837   0.500000000   0.879310345
   4   8   4   8   0.443719577   0.819722013   0.465517241   0.741379310
   4   8   4   8   0.406603488   0.815601659   0.293103448   0.948275862
   4   8   4   8   0.430559995   0.881269887   0.258620690   0.913793103
   4   8   4   8   0.480251509   0.878460909   0.396551724   0.913793103
   4   9   4   9   0.454877101   0.901454155   0.431034483   0.913793103
   4   9   4   9   0.457112246   0.976970161   0.465517241   0.948275862
   4   9   4   9   0.427365426   0.963845309   0.396551724   0.982758621
   4   9   4   9   0.448180189   0.949184648   0.534482759   0.948275862
   4   9   4   9   0.469096861   0.942068297   0.534482759   0.982758621
   4   9   4   9   0.487669365   0.930920078   0.603448276   0.982758621
   5   0   5   0   0.583697221   0.013555843   0.603448276   0.086206897
   5   0   5   0   0.522570145   0.054663917   0.637931034   0.017241379
   5   0   5   0   0.520522943   0.011038483   0.672413793   0.017241379
   5   0   5   0   0.587657902   0.066549381   0.534482759   0.086206897
   5   0   5   0   0.573736678   0.039816576   0.568965517   0.086206897
   5   0   5   0   0.537887279   0.087351731   0.396551724   0.155172414
   5   0   5   0   0.511141190   0.099728655   0.534482759   0.017241379
   5   1   5   1   0.561479168   0.103549231   0.534482759   0.120689655
   5   1   5   1   0.527117003   0.179295606   0.534482759   0.155172414
   5   1   5   1   0.550754877   0.140403353   0.603448276   0.155172414
   5   1   5   1   0.515784660   0.153535659   0.431034483   0.120689655
   5   1   5   1   0.563858365   0.156786067   0.637931034   0.189655172
   5   1   5   1   0.588790691   0.159605283   0.672413793   0.189655172
   5   1   5   1   0.588095197   0.101437330   0.637931034   0.155172414
   5   1   5   1   0.536909348   0.199005642   0.603448276   0.120689655
   5   2   5   2   0.522752282   0.245209438   0.534482759   0.293103448
   5   2   5   2   0.557066551   0.233588663   0.534482759   0.189655172
   5   2   5   2   0.525634581   0.265411659   0.534482759   0.224137931
   5   2   5   2   0.590326657   0.231473995   0.568965517   0.189655172
   5   2   5   2   0.577315602   0.259446858   0.672413793   0.224137931
   5   2   5   2   0.551812376   0.287368684   0.568965517   0.327586207
   5   2   5   2   0.571647351   0.289951424   0.534482759   0.258620690
   5   2   5   2   0.502083311   0.284722338   0.534482759   0.327586207
   5   3   5   3   0.554701009   0.316005905   0.568965517   0.362068966
   5   3   5   3   0.577501426   0.347792281   0.603448276   0.293103448
   5   3   5   3   0.514399444   0.343873261   0.534482759   0.396551724
   5   3   5   3   0.551200818   0.372592843   0.603448276   0.431034483
   5   3   5   3   0.522417269   0.375319697   0.637931034   0.396551724
   5   3   5   3   0.504909281   0.304651989   0.500000000   0.362068966
   5   3   5   3   0.588486124   0.320996397   0.534482759   0.362068966
   5   3   5   3   0.535132182   0.309742293   0.603448276   0.327586207
   5   3   5   3   0.507699829   0.392938160   0.431034483   0.327586207
   5   3   5   3   0.599785934   0.348535628   0.568965517   0.293103448
   5   3   5   3   0.598229339   0.383531900   0.534482759   0.500000000
   5   4   5   4   0.582738904   0.462169407   0.534482759   0.431034483
   5   4   5   4   0.570336632   0.484169010   0.465517241   0.568965517
   5   4   5   4   0.564269285   0.429898158   0.568965517   0.396551724
   5   4   5   4   0.542172100   0.439279073   0.465517241   0.396551724
   5   4   5   4   0.555978724   0.406180692   0.603448276   0.362068966
   5   4   5   4   0.540433896   0.473438294   0.465517241   0.637931034
   5   4   5   4   0.527298025   0.424828239   0.500000000   0.431034483
   5   4   5   4   0.508310002   0.471013217   0.500000000   0.396551724
   5   4   5   4   0.511820753   0.449713272   0.465517241   0.362068966
   5   5   5   5   0.505381508   0.539118770   0.500000000   0.534482759
   5   5   5   5   0.546453379   0.556146624   0.568965517   0.500000000
   5   5   5   5   0.568054003   0.546234045   0.568965517   0.534482759
   5   5   5   5   0.522991594   0.521991207   0.568965517   0.568965517
   5   5   5   5   0.526694703   0.578856759   0.603448276   0.534482759
   5   5   5   5   0.583239601   0.569177600   0.568965517   0.465517241
   5   5   5   5   0.518203875   0.556727343   0.534482759   0.568965517
   5   5   5   5   0.597398880   0.533479350   0.706896552   0.500000000
   5   5   5   5   0.567022482   0.509292670   0.500000000   0.465517241
   5   6   5   6   0.528976194   0.647161581   0.534482759   0.603448276
   5   6   5   6   0.521851570   0.627740337   0.534482759   0.672413793
   5   6   5   6   0.590554631   0.660326840   0.637931034   0.672413793
   5   6   5   6   0.559474819   0.641813011   0.568965517   0.603448276
   5   6   5   6   0.509955836   0.669935505   0.500000000   0.672413793
   5   6   5   6   0.535999365   0.671488211   0.534482759   0.741379310
   5   6   5   6   0.593494589   0.602455198   0.603448276   0.603448276
   5   6   5   6   0.546986999   0.690095028   0.637931034   0.706896552
   5   6   5   6   0.509265784   0.611994677   0.534482759   0.637931034
   5   6   5   6   0.530510515   0.602827376   0.603448276   0.568965517
   5   7   5   7   0.524467221   0.717342176   0.568965517   0.775862069
   5   7   5   7   0.578160058   0.769643379   0.534482759   0.810344828
   5   7   5   7   0.537351264   0.774830264   0.465517241   0.706896552
   5   7   5   7   0.562457598   0.746361672   0.465517241   0.810344828
   5   7   5   7   0.590175182   0.797719274   0.603448276   0.810344828
   5   7   5   7   0.560093843   0.799608558   0.431034483   0.879310345
   5   7   5   7   0.502037998   0.756653295   0.500000000   0.741379310
   5   7   5   7   0.587964663   0.723026801   0.672413793   0.672413793
   5   7   5   7   0.507457695   0.797968845   0.431034483   0.775862069
   5   7   5   7   0.504130507   0.721103010   0.534482759   0.706896552
   5   8   5   8   0.558658349   0.860122395   0.500000000   0.844827586
   5   8   5   8   0.530664208   0.825377997   0.500000000   0.810344828
   5   8   5   8   0.534669247   0.857616424   0.534482759   0.844827586
   5   8   5   8   0.578444961   0.848901980   0.568965517   0.879310345
   5   8   5   8   0.556810925   0.820178394   0.431034483   0.810344828
   5   8   5   8   0.551945893   0.881463360   0.500000000   0.948275862
   5   8   5   8   0.575647425   0.885892099   0.568965517   0.844827586
   5   8   5   8   0.504466876   0.889663341   0.465517241   0.879310345
   5   9   5   9   0.550564150   0.935420877   0.534482759   0.913793103
   5   9   5   9   0.545031488   0.974110954   0.637931034   0.982758621
   5   9   5   9   0.517627402   0.932760718   0.431034483   0.982758621
   5   9   5   9   0.575066822   0.966615797   0.568965517   0.913793103
   5   9   5   9   0.503618810   0.914811783   0.500000000   0.913793103
   5   9   5   9   0.574328533   0.912553429   0.603448276   0.913793103
   5   9   5   9   0.595133125   0.932414858   0.568965517   0.948275862
   5   9   5   9   0.503768494   0.979357794   0.500000000   0.982758621
   6   0   6   0   0.618734151   0.010611469   0.637931034   0.051724138
   6   0   6   0   0.667664238   0.053404162   0.672413793   0.051724138
   6   0   6   0   0.607063583   0.071508138   0.568965517   0.120689655
   6   0   6   0   0.647556976   0.036091023   0.637931034   0.086206897
   6   0   6   0   0.646159905   0.011572705   0.741379310   0.051724138
   6   0   6   0   0.681897337   0.027872520   0.706896552   0.017241379
   6   0   6   0   0.616815732   0.031147442   0.706896552   0.051724138
   6   0   6   0   0.660070491   0.075029893   0.775862069   0.120689655
   6   0   6   0   0.688156537   0.089743246   0.775862069   0.155172414
   6   0   6   0   0.642237281   0.084368196   0.672413793   0.120689655
   6   0   6   0   0.617193664   0.091477751   0.637931034   0.120689655
   6   1   6   1   0.667824273   0.101696458   0.672413793   0.155172414
   6   1   6   1   0.661547565   0.123775424   0.706896552   0.155172414
   6   1   6   1   0.641009060   0.139118195   0.672413793   0.086206897
   6   1   6   1   0.657290026   0.187778313   0.637931034   0.258620690
   6   1   6   1   0.670775037   0.163240382   0.637931034   0.224137931
   6   2   6   2   0.611416545   0.234423347   0.603448276   0.189655172
   6   2   6   2   0.651719618   0.263309945   0.568965517   0.224137931
   6   2   6   2   0.697158529   0.238680670   0.706896552   0.189655172
   6   2   6   2   0.638513737   0.200180777   0.568965517   0.155172414
   6   2   6   2   0.659774613   0.288321521   0.672413793   0.258620690
   6   3   6   3   0.628174549   0.330023351   0.603448276   0.258620690
   6   3   6   3   0.650024880   0.338091901   0.637931034   0.293103448
   6   3   6   3   0.676722784   0.319772297   0.706896552   0.293103448
   6   3   6   3   0.691111054   0.371394669   0.741379310   0.258620690
   6   3   6   3   0.652996975   0.365927922   0.741379310   0.327586207
   6   3   6   3   0.632607592   0.305396733   0.568965517   0.258620690
   6   4   6   4   0.661231881   0.425227574   0.603448276   0.465517241
   6   4   6   4   0.634577648   0.494157309   0.637931034   0.431034483
   6   4   6   4   0.648348356   0.442634128   0.706896552   0.431034483
   6   4   6   4   0.623729256   0.434710683   0.637931034   0.362068966
   6   4   6   4   0.678194391   0.447059681   0.672413793   0.396551724
   6   4   6   4   0.697897777   0.437356290   0.741379310   0.396551724
   6   4   6   4   0.605477037   0.469073515   0.603448276   0.396551724
   6   4   6   4   0.679590898   0.488602749   0.637931034   0.500000000
   6   4   6   4   0.615926346   0.406611373   0.672413793   0.362068966
   6   4   6   4   0.658841273   0.497167262   0.672413793   0.500000000
   6   4   6   4   0.681904553   0.404917105   0.741379310   0.362068966
   6   4   6   4   0.603759466   0.438179775   0.534482759   0.534482759
   6   5   6   5   0.621797068   0.534867938   0.637931034   0.534482759
   6   5   6   5   0.616511165   0.585649785   0.672413793   0.534482759
   6   5   6   5   0.665320665   0.554380835   0.741379310   0.534482759
   6   5   6   5   0.644153198   0.515761170   0.741379310   0.465517241
   6   5   6   5   0.690436151   0.587713770   0.741379310   0.637931034
   6   5   6   5   0.670870653   0.521720170   0.706896552   0.465517241
   6   5   6   5   0.652929549   0.574695436   0.706896552   0.534482759
   6   5   6   5   0.620069321   0.511037396   0.603448276   0.500000000
   6   5   6   5   0.691112608   0.524123005   0.672413793   0.465517241
   6   6   6   6   0.606876572   0.643887022   0.637931034   0.637931034
   6   6   6   6   0.613346788   0.664563457   0.672413793   0.603448276
   6   6   6   6   0.604937601   0.694919963   0.637931034   0.603448276
   6   6   6   6   0.670797084   0.670664662   0.741379310   0.603448276
   6   6   6   6   0.644904121   0.644122618   0.706896552   0.741379310
   6   6   6   6   0.667538602   0.648826121   0.672413793   0.568965517
   6   6   6   6   0.641422011   0.663969057   0.568965517   0.672413793
   6   6   6   6   0.653136689   0.618609194   0.637931034   0.465517241
   6   6   6   6   0.675918384   0.604828292   0.706896552   0.637931034
   6   6   6   6   0.699171939   0.680707602   0.637931034   0.568965517
   6   7   6   7   0.621091525   0.713987509   0.637931034   0.775862069
   6   7   6   7   0.656769284   0.785071362   0.568965517   0.706896552
   6   7   6   7   0.651575483   0.702951680   0.672413793   0.775862069
   6   7   6   7   0.655399396   0.751706365   0.568965517   0.741379310
   6   7   6   7   0.674298746   0.764746710   0.706896552   0.706896552
   6   7   6   7   0.690492376   0.716339508   0.603448276   0.672413793
   6   7   6   7   0.676983126   0.789790544   0.741379310   0.844827586
   6   7   6   7   0.603805136   0.755041006   0.500000000   0.706896552
   6   7   6   7   0.607253744   0.779673534   0.672413793   0.844827586
   6   7   6   7   0.699172827   0.793759559   0.706896552   0.775862069
   6   8   6   8   0.676815730   0.862712309   0.603448276   0.844827586
   6   8   6   8   0.614852602   0.837517762   0.637931034   0.810344828
   6   8   6   8   0.647919094   0.861881463   0.637931034   0.879310345
   6   8   6   8   0.666149855   0.845443195   0.706896552   0.810344828
   6   8   6   8   0.697078747   0.820425315   0.637931034   0.741379310
   6   8   6   8   0.606436212   0.888230363   0.637931034   0.844827586
   6   8   6   8   0.661302520   0.809497116   0.603448276   0.741379310
   6   8   6   8   0.656582300   0.886402118   0.637931034   0.913793103
   6   8   6   8   0.629284636   0.811182689   0.603448276   0.775862069
   6   8   6   8   0.605120507   0.815044925   0.568965517   0.810344828
   6   9   6   9   0.685825108   0.969183955   0.603448276   0.948275862
   6   9   6   9   0.636027081   0.977891260   0.672413793   0.948275862
   6   9   6   9   0.665088866   0.939633998   0.568965517   0.982758621
   6   9   6   9   0.637695834   0.902047727   0.637931034   0.948275862
   6   9   6   9   0.606431121   0.974154222   0.603448276   0.879310345
   6   9   6   9   0.610534526   0.913274580   0.672413793   0.913793103
   7   0   7   0   0.766828379   0.092560742   0.741379310   0.086206897
   7   0   7   0   0.779350062   0.011978055   0.775862069   0.017241379
   7   0   7   0   0.765226829   0.026153610   0.775862069   0.051724138
   7   0   7   0   0.756598544   0.074225365   0.706896552   0.120689655
   7   0   7   0   0.785707413   0.031875041   0.810344828   0.051724138
   7   0   7   0   0.729800689   0.064882331   0.706896552   0.086206897
   7   0   7   0   0.704150121   0.042626784   0.741379310   0.017241379
   7   1   7   1   0.768228976   0.145533753   0.741379310   0.155172414
   7   1   7   1   0.703632406   0.124994914   0.775862069   0.189655172
   7   1   7   1   0.738693587   0.161321881   0.844827586   0.120689655
   7   1   7   1   0.703788438   0.151294620   0.741379310   0.189655172
   7   1   7   1   0.782214931   0.122378498   0.810344828   0.120689655
   7   1   7   1   0.792610055   0.179347233   0.706896552   0.258620690
   7   1   7   1   0.796886560   0.146941674   0.879310345   0.293103448
   7   1   7   1   0.749727435   0.191756140   0.741379310   0.224137931
   7   1   7   1   0.783240098   0.199967184   0.913793103   0.155172414
   7   2   7   2   0.743571269   0.229544750   0.775862069   0.258620690
   7   2   7   2   0.723903300   0.273310605   0.810344828   0.189655172
   7   2   7   2   0.768965264   0.214165734   0.672413793   0.327586207
   7   2   7   2   0.777812282   0.264280469   0.810344828   0.293103448
   7   2   7   2   0.738796065   0.254068173   0.775862069   0.224137931
   7   2   7   2   0.701672068   0.287071280   0.603448276   0.224137931
   7   2   7   2   0.755166584   0.276013351   0.775862069   0.362068966
   7   2   7   2   0.782849935   0.241474397   0.775862069   0.086206897
   7   2   7   2   0.742516611   0.295264916   0.706896552   0.327586207
   7   3   7   3   0.761718961   0.385090044   0.741379310   0.293103448
   7   3   7   3   0.739112108   0.369460379   0.775862069   0.293103448
   7   3   7   3   0.751070700   0.333841671   0.810344828   0.362068966
   7   3   7   3   0.766742893   0.356618538   0.810344828   0.327586207
   7   3   7   3   0.720560804   0.387854093   0.637931034   0.327586207
   7   3   7   3   0.726207205   0.320480409   0.706896552   0.224137931
   7   3   7   3   0.784026957   0.380549077   0.844827586   0.327586207
   7   3   7   3   0.775896036   0.325207658   0.879310345   0.362068966
   7   3   7   3   0.704701428   0.313797728   0.672413793   0.293103448
   7   4   7   4   0.789721636   0.440080511   0.775862069   0.431034483
   7   4   7   4   0.719640220   0.460010689   0.706896552   0.362068966
   7   4   7   4   0.768114853   0.442408619   0.775862069   0.396551724
   7   4   7   4   0.706227098   0.409582934   0.810344828   0.396551724
   7   4   7   4   0.771985546   0.473018329   0.810344828   0.465517241
   7   4   7   4   0.791129709   0.466204481   0.810344828   0.431034483
   7   4   7   4   0.708321922   0.479796380   0.672413793   0.431034483
   7   4   7   4   0.750385066   0.404674763   0.775862069   0.465517241
   7   4   7   4   0.790757974   0.407402510   0.844827586   0.431034483
   7   5   7   5   0.709866291   0.565428033   0.706896552   0.568965517
   7   5   7   5   0.763120110   0.557217740   0.741379310   0.500000000
   7   5   7   5   0.756713371   0.528172109   0.741379310   0.568965517
   7   5   7   5   0.780862670   0.567616327   0.810344828   0.534482759
   7   5   7   5   0.732257512   0.558981929   0.706896552   0.603448276
   7   5   7   5   0.724416835   0.599188345   0.706896552   0.672413793
   7   5   7   5   0.747211794   0.506395897   0.706896552   0.396551724
   7   5   7   5   0.790042753   0.519936487   0.879310345   0.534482759
   7   5   7   5   0.754469443   0.592695214   0.672413793   0.637931034
   7   6   7   6   0.709334953   0.638953939   0.775862069   0.603448276
   7   6   7   6   0.752669602   0.660782795   0.672413793   0.706896552
   7   6   7   6   0.745089690   0.629446856   0.741379310   0.672413793
   7   6   7   6   0.764920890   0.611171828   0.775862069   0.500000000
   7   6   7   6   0.774478765   0.664243637   0.741379310   0.741379310
   7   6   7   6   0.752979838   0.687459273   0.775862069   0.741379310
   7   7   7   7   0.730981228   0.779934326   0.741379310   0.775862069
   7   7   7   7   0.745906260   0.756098006   0.741379310   0.810344828
   7   7   7   7   0.787464009   0.764515707   0.775862069   0.844827586
   7   7   7   7   0.769309937   0.792651423   0.775862069   0.775862069
   7   7   7   7   0.758590947   0.723666943   0.810344828   0.741379310
   7   7   7   7   0.725255772   0.759380234   0.706896552   0.844827586
   7   7   7   7   0.708161731   0.703593649   0.775862069   0.672413793
   7   7   7   7   0.772507554   0.704552565   0.741379310   0.706896552
   7   7   7   7   0.702175862   0.750968483   0.672413793   0.741379310
   7   8   7   8   0.717721382   0.886940899   0.706896552   0.913793103
   7   8   7   8   0.757398453   0.882088898   0.672413793   0.879310345
   7   8   7   8   0.771981022   0.830923403   0.741379310   0.948275862
   7   8   7   8   0.772235841   0.855246863   0.810344828   0.913793103
   7   8   7   8   0.724865790   0.841522518   0.810344828   0.844827586
   7   8   7   8   0.748333453   0.807034174   0.810344828   0.775862069
   7   8   7   8   0.788934595   0.816485313   0.844827586   0.844827586
   7   8   7   8   0.796918172   0.893535741   0.741379310   0.879310345
   7   9   7   9   0.752100757   0.987613187   0.706896552   0.982758621
   7   9   7   9   0.796262995   0.960440402   0.706896552   0.948275862
   7   9   7   9   0.736259853   0.937431080   0.844827586   0.948275862
   7   9   7   9   0.770804099   0.906818271   0.706896552   0.879310345
   7   9   7   9   0.797156943   0.920075008   0.775862069   0.879310345
   7   9   7   9   0.743305784   0.969139042   0.672413793   0.982758621
   7   9   7   9   0.769248509   0.950469837   0.879310345   0.913793103
   7   9   7   9   0.720147660   0.914846238   0.741379310   0.982758621
   7   9   7   9   0.743985300   0.902047582   0.672413793   0.810344828
   7   9   7   9   0.703112377   0.938079369   0.775862069   0.948275862
   8   0   8   0   0.839190560   0.041567007   0.844827586   0.017241379
   8   0   8   0   0.814651692   0.011237365   0.879310345   0.051724138
   8   0   8   0   0.848502975   0.067519591   0.879310345   0.086206897
   8   0   8   0   0.859267633   0.012858163   0.879310345   0.017241379
   8   0   8   0   0.849364523   0.094460818   0.948275862   0.120689655
   8   0   8   0   0.813518241   0.077984445   0.810344828   0.155172414
   8   0   8   0   0.867469959   0.081281483   0.948275862   0.017241379
   8   0   8   0   0.828206653   0.058502023   0.810344828   0.086206897
   8   0   8   0   0.882104160   0.014053777   0.913793103   0.017241379
   8   0   8   0   0.806989679   0.031505916   0.810344828   0.017241379
   8   0   8   0   0.891583884   0.067568427   0.948275862   0.051724138
   8   0   8   0   0.827768801   0.097334489   0.844827586   0.086206897
   8   1   8   1   0.858460666   0.149598441   0.913793103   0.120689655
   8   1   8   1   0.892485818   0.151294220   0.879310345   0.120689655
   8   1   8   1   0.849869597   0.118404739   0.913793103   0.086206897
   8   1   8   1   0.814557652   0.190129863   0.741379310   0.120689655
   8   1   8   1   0.859042517   0.175800812   0.844827586   0.155172414
   8   2   8   2   0.847226013   0.263376126   0.810344828   0.224137931
   8   2   8   2   0.873804774   0.211930186   0.844827586   0.258620690
   8   2   8   2   0.823675478   0.281511885   0.810344828   0.258620690
   8   2   8   2   0.887327693   0.265751874   0.879310345   0.155172414
   8   2   8   2   0.801053612   0.284612374   0.844827586   0.189655172
   8   2   8   2   0.899886076   0.214067141   0.879310345   0.189655172
   8   3   8   3   0.837798907   0.306405745   0.913793103   0.293103448
   8   3   8   3   0.830939466   0.330241144   0.879310345   0.396551724
   8   3   8   3   0.857023973   0.382463234   0.844827586   0.362068966
   8   3   8   3   0.899229827   0.321100966   0.879310345   0.327586207
   8   3   8   3   0.858922388   0.362153229   0.844827586   0.293103448
   8   3   8   3   0.820088023   0.347398836   0.913793103   0.396551724
   8   3   8   3   0.884481747   0.383348961   0.948275862   0.327586207
   8   3   8   3   0.865241563   0.335752272   0.879310345   0.224137931
   8   3   8   3   0.802587572   0.359531350   0.741379310   0.431034483
   8   3   8   3   0.883760415   0.360116052   0.948275862   0.293103448
   8   3   8   3   0.811766766   0.320225314   0.775862069   0.327586207
   8   4   8   4   0.872067876   0.449423555   0.844827586   0.465517241
   8   4   8   4   0.868772659   0.402499770   0.879310345   0.431034483
   8   4   8   4   0.810696051   0.424531874   0.844827586   0.500000000
   8   4   8   4   0.882709748   0.467458649   0.913793103   0.362068966
   8   4   8   4   0.840521478   0.462618274   0.844827586   0.534482759
   8   4   8   4   0.809341328   0.483202233   0.879310345   0.465517241
   8   4   8   4   0.833038889   0.483168872   0.775862069   0.637931034
   8   4   8   4   0.839592634   0.409577310   0.844827586   0.396551724
   8   4   8   4   0.895985911   0.414501445   0.948275862   0.362068966
   8   5   8   5   0.877614681   0.540966634   0.879310345   0.568965517
   8   5   8   5   0.826200031   0.552574243   0.775862069   0.568965517
   8   5   8   5   0.801509796   0.571615014   0.810344828   0.603448276
   8   5   8   5   0.855732860   0.560864658   0.913793103   0.500000000
   8   5   8   5   0.836054155   0.514554788   0.810344828   0.500000000
   8   5   8   5   0.893050778   0.512718328   0.879310345   0.500000000
   8   5   8   5   0.823293838   0.575204388   0.844827586   0.568965517
   8   5   8   5   0.859079594   0.594889442   0.810344828   0.637931034
   8   6   8   6   0.839420437   0.679730232   0.775862069   0.706896552
   8   6   8   6   0.868868085   0.663555486   0.844827586   0.637931034
   8   6   8   6   0.859708948   0.695523756   0.913793103   0.741379310
   8   6   8   6   0.851857598   0.634887801   0.810344828   0.568965517
   8   6   8   6   0.872541991   0.642736626   0.982758621   0.568965517
   8   6   8   6   0.802749223   0.652972483   0.775862069   0.534482759
   8   6   8   6   0.801356407   0.678067987   0.844827586   0.706896552
   8   6   8   6   0.880113896   0.602791302   0.844827586   0.672413793
   8   6   8   6   0.892162380   0.677260713   0.948275862   0.637931034
   8   6   8   6   0.893066504   0.634244605   0.913793103   0.603448276
   8   7   8   7   0.894992975   0.758819308   0.810344828   0.706896552
   8   7   8   7   0.813107253   0.763507110   0.844827586   0.741379310
   8   7   8   7   0.805917629   0.736552702   0.879310345   0.741379310
   8   7   8   7   0.845132266   0.766313330   0.879310345   0.775862069
   8   7   8   7   0.826919664   0.725204509   0.810344828   0.672413793
   8   7   8   7   0.837474802   0.704066424   0.948275862   0.672413793
   8   7   8   7   0.867619120   0.721143186   0.913793103   0.706896552
   8   7   8   7   0.888364171   0.778595597   0.810344828   0.810344828
   8   7   8   7   0.885714569   0.712208336   0.948275862   0.741379310
   8   7   8   7   0.832482637   0.788874708   0.844827586   0.810344828
   8   7   8   7   0.804241016   0.793855809   0.879310345   0.879310345
   8   8   8   8   0.834958330   0.813608201   0.844827586   0.913793103
   8   8   8   8   0.861571298   0.857949370   0.913793103   0.775862069
   8   8   8   8   0.804070907   0.868108383   0.810344828   0.879310345
   8   8   8   8   0.819161024   0.845125104   0.775862069   0.810344828
   8   8   8   8   0.844026034   0.868683758   0.879310345   0.844827586
   8   8   8   8   0.867558777   0.833648591   0.844827586   0.775862069
   8   8   8   8   0.897437509   0.882019185   0.879310345   0.810344828
   8   9   8   9   0.826008433   0.928389733   0.810344828   0.948275862
   8   9   8   9   0.845028172   0.974075988   0.810344828   0.982758621
   8   9   8   9   0.828839496   0.902883808   0.844827586   0.982758621
   8   9   8   9   0.861383731   0.985631295   0.913793103   0.982758621
   8   9   8   9   0.847318903   0.937821216   0.775862069   0.913793103
   8   9   8   9   0.856777935   0.906045183   0.879310345   0.948275862
   8   9   8   9   0.810340332   0.982082305   0.775862069   0.982758621
   8   9   8   9   0.887320184   0.922078939   0.913793103   0.879310345
   8   9   8   9   0.825551515   0.957833485   0.741379310   0.913793103
   8   9   8   9   0.895994661   0.963124457   0.913793103   0.913793103
   9   0   9   0   0.967004365   0.034967459   0.948275862   0.086206897
   9   0   9   0   0.987304741   0.019835403   0.982758621   0.051724138
   9   0   9   0   0.912471908   0.079277571   0.982758621   0.086206897
   9   0   9   0   0.907498101   0.025742888   0.982758621   0.017241379
   9   0   9   0   0.935182753   0.055101586   0.948275862   0.155172414
   9   0   9   0   0.964383637   0.060023117   0.913793103   0.051724138
   9   1   9   1   0.969449868   0.144448336   0.982758621   0.120689655
   9   1   9   1   0.980735832   0.119489823   0.982758621   0.155172414
   9   1   9   1   0.949477747   0.171643048   0.982758621   0.189655172
   9   1   9   1   0.912176692   0.179063427   0.844827586   0.051724138
   9   1   9   1   0.972948388   0.183250947   0.913793103   0.189655172
   9   1   9   1   0.949811774   0.197143641   0.982758621   0.224137931
   9   2   9   2   0.969313609   0.246039250   0.913793103   0.224137931
   9   2   9   2   0.949273115   0.230594020   0.913793103   0.258620690
   9   2   9   2   0.964107171   0.289029257   0.948275862   0.258620690
   9   2   9   2   0.982761872   0.216405851   0.982758621   0.258620690
   9   2   9   2   0.982907217   0.273290110   0.879310345   0.258620690
   9   2   9   2   0.914730340   0.264629141   0.844827586   0.224137931
   9   2   9   2   0.907965495   0.297584345   0.982758621   0.293103448
   9   3   9   3   0.987265620   0.354793635   0.982758621   0.327586207
   9   3   9   3   0.922007383   0.354862470   0.948275862   0.431034483
   9   3   9   3   0.952530722   0.330234526   0.948275862   0.189655172
   9   3   9   3   0.948573828   0.376038765   0.948275862   0.396551724
   9   3   9   3   0.964329356   0.313814713   0.948275862   0.224137931
   9   4   9   4   0.957745632   0.451753506   0.948275862   0.465517241
   9   4   9   4   0.903271798   0.471389869   0.982758621   0.431034483
   9   4   9   4   0.951650753   0.432627634   0.913793103   0.327586207
   9   4   9   4   0.925665444   0.424341559   0.913793103   0.465517241
   9   4   9   4   0.920341039   0.452346810   0.913793103   0.431034483
   9   4   9   4   0.930519091   0.469589318   0.982758621   0.396551724
   9   4   9   4   0.989116347   0.454808509   0.982758621   0.362068966
   9   5   9   5   0.963475800   0.552497830   0.948275862   0.568965517
   9   5   9   5   0.941723077   0.546273872   0.982758621   0.534482759
   9   5   9   5   0.960543872   0.531766284   0.948275862   0.603448276
   9   5   9   5   0.937018895   0.516457380   0.982758621   0.500000000
   9   5   9   5   0.989618032   0.550811478   0.982758621   0.637931034
   9   5   9   5   0.917320170   0.545069187   0.948275862   0.534482759
   9   5   9   5   0.929702305   0.580684566   0.948275862   0.500000000
   9   5   9   5   0.916670535   0.502803259   0.913793103   0.534482759
   9   5   9   5   0.986780888   0.588640943   0.982758621   0.603448276
   9   5   9   5   0.957058232   0.507762376   0.982758621   0.465517241
   9   6   9   6   0.916766836   0.682662954   0.913793103   0.672413793
   9   6   9   6   0.978860576   0.680731028   0.982758621   0.672413793
   9   6   9   6   0.935607328   0.628728859   0.913793103   0.637931034
   9   6   9   6   0.980287418   0.628139147   0.844827586   0.603448276
   9   6   9   6   0.940735656   0.687899070   0.879310345   0.637931034
   9   6   9   6   0.940587724   0.655073743   0.913793103   0.568965517
   9   6   9   6   0.936367413   0.605218015   0.879310345   0.603448276
   9   6   9   6   0.966883728   0.697285556   0.879310345   0.706896552
   9   7   9   7   0.903986275   0.728600566   0.948275862   0.706896552
   9   7   9   7   0.949766016   0.735773753   0.982758621   0.741379310
   9   7   9   7   0.984889120   0.744693679   0.982758621   0.775862069
   9   7   9   7   0.952368279   0.787875571   0.982758621   0.810344828
   9   7   9   7   0.980673896   0.795222271   0.948275862   0.810344828
   9   7   9   7   0.925300042   0.720846323   0.982758621   0.706896552
   9   7   9   7   0.925448892   0.765269333   0.879310345   0.672413793
   9   8   9   8   0.980101619   0.855215175   0.913793103   0.844827586
   9   8   9   8   0.976150338   0.827895141   0.982758621   0.844827586
   9   8   9   8   0.937380652   0.832957656   0.982758621   0.879310345
   9   8   9   8   0.970655588   0.879224161   0.913793103   0.810344828
   9   8   9   8   0.935871643   0.854426351   0.879310345   0.982758621
   9   8   9   8   0.909566966   0.824144524   0.948275862   0.775862069
   9   8   9   8   0.954483478   0.808248065   0.948275862   0.844827586
   9   8   9   8   0.931414044   0.898823447   0.948275862   0.913793103
   9   9   9   9   0.959028076   0.945185189   0.948275862   0.948275862
   9   9   9   9   0.962973441   0.971388028   0.948275862   0.982758621
   9   9   9   9   0.936109557   0.951755736   0.982758621   0.913793103
   9   9   9   9   0.941339781   0.975576789   0.982758621   0.948275862
   9   9   9   9   0.989319805   0.968068024   0.982758621   0.982758621
   9   9   9   9   0.915555167   0.951663312   0.913793103   0.948275862
   9   9   9   9   0.983277435   0.948248085   0.948275862   0.879310345
   9   9   9   9   0.971807762   0.929254465   0.844827586   0.879310345
