# ix  iyhoodxhoody             x             y         x_org         y_org
   0   0   0   0   0.020876497   0.031697236   0.017241379   0.017241379
   0   0   0   0   0.045777602   0.034051757   0.017241379   0.051724138
   0   0   0   0   0.067390770   0.053333368   0.051724138   0.051724138
   0   0   0   0   0.045334568   0.072363961   0.051724138   0.086206897
   0   0   0   0   0.058153042   0.015504080   0.155172414   0.051724138
   0   0   0   0   0.094064909   0.038494829   0.086206897   0.086206897
   0   0   0   0   0.050067067   0.096641752   0.051724138   0.155172414
   0   0   0   0   0.094517885   0.074789457   0.086206897   0.120689655
   0   0   0   0   0.074558951   0.091572859   0.051724138   0.120689655
   0   1   0   1   0.049759583   0.134924237   0.017241379   0.120689655
   0   1   0   1   0.078458159   0.156413113   0.017241379   0.155172414
   0   1   0   1   0.032184489   0.156383033   0.017241379   0.189655172
   0   1   0   1   0.083049050   0.135572907   0.086206897   0.155172414
   0   1   0   1   0.014064349   0.126694677   0.017241379   0.086206897
   0   1   0   1   0.082290492   0.185875416   0.051724138   0.189655172
   0   1   0   1   0.096141903   0.171190984   0.189655172   0.189655172
   0   2   0   2   0.023622022   0.262518750   0.017241379   0.224137931
   0   2   0   2   0.024551496   0.209098375   0.051724138   0.258620690
   0   2   0   2   0.095018094   0.263317784   0.051724138   0.293103448
   0   2   0   2   0.028770687   0.239054392   0.120689655   0.258620690
   0   2   0   2   0.086081821   0.227752934   0.120689655   0.189655172
   0   2   0   2   0.045249688   0.273390195   0.017241379   0.327586207
   0   2   0   2   0.053024913   0.220735255   0.051724138   0.224137931
   0   3   0   3   0.072082019   0.309088919   0.017241379   0.362068966
   0   3   0   3   0.079949107   0.394278817   0.086206897   0.327586207
   0   3   0   3   0.014795918   0.364452995   0.086206897   0.362068966
   0   3   0   3   0.026476555   0.338240207   0.086206897   0.396551724
   0   3   0   3   0.057230138   0.324084856   0.155172414   0.431034483
   0   3   0   3   0.095350233   0.315078461   0.017241379   0.258620690
   0   3   0   3   0.089012942   0.341161037   0.155172414   0.362068966
   0   3   0   3   0.011655061   0.399826078   0.051724138   0.362068966
   0   4   0   4   0.030452648   0.454374002   0.017241379   0.431034483
   0   4   0   4   0.028756962   0.477431771   0.017241379   0.465517241
   0   4   0   4   0.054047249   0.471663008   0.051724138   0.396551724
   0   4   0   4   0.048106633   0.402322764   0.086206897   0.431034483
   0   4   0   4   0.079259338   0.428723940   0.120689655   0.431034483
   0   4   0   4   0.092724624   0.410598981   0.086206897   0.465517241
   0   5   0   5   0.083841887   0.552060624   0.017241379   0.500000000
   0   5   0   5   0.020186785   0.512539747   0.017241379   0.534482759
   0   5   0   5   0.084845861   0.573154267   0.017241379   0.568965517
   0   5   0   5   0.055773696   0.597458878   0.051724138   0.568965517
   0   5   0   5   0.028649648   0.554655459   0.086206897   0.534482759
   0   5   0   5   0.011899259   0.541603154   0.051724138   0.465517241
   0   5   0   5   0.058058583   0.530448654   0.051724138   0.431034483
   0   5   0   5   0.042883576   0.512789882   0.051724138   0.500000000
   0   6   0   6   0.034843837   0.670898627   0.017241379   0.672413793
   0   6   0   6   0.027969991   0.625742236   0.051724138   0.672413793
   0   6   0   6   0.098749740   0.663393534   0.086206897   0.637931034
   0   6   0   6   0.060351589   0.651699467   0.051724138   0.706896552
   0   6   0   6   0.073782613   0.696190330   0.017241379   0.706896552
   0   6   0   6   0.075100799   0.629894088   0.051724138   0.603448276
   0   6   0   6   0.055947388   0.682923484   0.086206897   0.706896552
   0   6   0   6   0.048705293   0.634778855   0.017241379   0.637931034
   0   6   0   6   0.022904423   0.604601285   0.017241379   0.603448276
   0   6   0   6   0.017051207   0.693559574   0.017241379   0.741379310
   0   7   0   7   0.011936213   0.770906628   0.017241379   0.775862069
   0   7   0   7   0.041078930   0.770915460   0.051724138   0.741379310
   0   7   0   7   0.015386300   0.750701499   0.051724138   0.775862069
   0   7   0   7   0.027250670   0.798312597   0.086206897   0.741379310
   0   7   0   7   0.086592095   0.758151136   0.120689655   0.741379310
   0   7   0   7   0.076474729   0.740317325   0.120689655   0.706896552
   0   7   0   7   0.056059342   0.715846437   0.120689655   0.637931034
   0   7   0   7   0.085272314   0.719530758   0.120689655   0.672413793
   0   7   0   7   0.098876494   0.786777954   0.120689655   0.775862069
   0   8   0   8   0.015164165   0.836028826   0.017241379   0.810344828
   0   8   0   8   0.043888962   0.845648649   0.017241379   0.844827586
   0   8   0   8   0.017942146   0.899488528   0.017241379   0.879310345
   0   8   0   8   0.065986342   0.860853439   0.051724138   0.879310345
   0   8   0   8   0.052011563   0.881799302   0.086206897   0.844827586
   0   8   0   8   0.034121523   0.869325077   0.017241379   0.913793103
   0   8   0   8   0.048478732   0.826171842   0.120689655   0.810344828
   0   8   0   8   0.064899950   0.802683701   0.051724138   0.810344828
   0   8   0   8   0.087627229   0.808561511   0.051724138   0.844827586
   0   9   0   9   0.035318942   0.967229035   0.017241379   0.948275862
   0   9   0   9   0.013169884   0.974943298   0.017241379   0.982758621
   0   9   0   9   0.045721567   0.947784778   0.051724138   0.948275862
   0   9   0   9   0.076791299   0.987517021   0.051724138   0.982758621
   0   9   0   9   0.094444809   0.947205675   0.086206897   0.982758621
   0   9   0   9   0.071573385   0.908886239   0.051724138   0.913793103
   1   0   1   0   0.146882863   0.066088113   0.120689655   0.017241379
   1   0   1   0   0.151235313   0.044698241   0.120689655   0.051724138
   1   0   1   0   0.142398283   0.015370587   0.155172414   0.017241379
   1   0   1   0   0.174253311   0.035053253   0.189655172   0.017241379
   1   0   1   0   0.119443940   0.039042110   0.051724138   0.017241379
   1   0   1   0   0.179255226   0.089500997   0.120689655   0.155172414
   1   0   1   0   0.107836131   0.016293353   0.086206897   0.017241379
   1   1   1   1   0.180430631   0.128244767   0.155172414   0.155172414
   1   1   1   1   0.125590897   0.180149372   0.120689655   0.224137931
   1   1   1   1   0.101035152   0.120047477   0.086206897   0.189655172
   1   1   1   1   0.120004293   0.136070707   0.155172414   0.189655172
   1   1   1   1   0.183411542   0.187155694   0.189655172   0.086206897
   1   1   1   1   0.117190209   0.158526144   0.224137931   0.120689655
   1   1   1   1   0.177992910   0.151057219   0.224137931   0.155172414
   1   1   1   1   0.171672023   0.170868411   0.189655172   0.224137931
   1   1   1   1   0.151206803   0.109951326   0.086206897   0.051724138
   1   1   1   1   0.149802536   0.190400189   0.155172414   0.224137931
   1   2   1   2   0.148491788   0.264906960   0.086206897   0.224137931
   1   2   1   2   0.144070354   0.231098173   0.189655172   0.155172414
   1   2   1   2   0.118086381   0.235161637   0.086206897   0.258620690
   1   2   1   2   0.113219087   0.282586011   0.120689655   0.327586207
   1   2   1   2   0.181438215   0.255018921   0.120689655   0.293103448
   1   2   1   2   0.171317018   0.231697529   0.258620690   0.258620690
   1   2   1   2   0.174280183   0.297483138   0.224137931   0.189655172
   1   2   1   2   0.152169986   0.290649370   0.120689655   0.362068966
   1   2   1   2   0.191966118   0.287085843   0.224137931   0.258620690
   1   3   1   3   0.142857856   0.341880271   0.189655172   0.327586207
   1   3   1   3   0.130479347   0.383072422   0.051724138   0.327586207
   1   3   1   3   0.141793678   0.364236100   0.120689655   0.396551724
   1   3   1   3   0.126200927   0.302019459   0.086206897   0.293103448
   1   3   1   3   0.163056908   0.328014129   0.155172414   0.258620690
   1   3   1   3   0.152102028   0.381917775   0.189655172   0.465517241
   1   3   1   3   0.195757158   0.377748130   0.155172414   0.327586207
   1   3   1   3   0.180509990   0.359767007   0.189655172   0.258620690
   1   3   1   3   0.109175060   0.329824882   0.017241379   0.293103448
   1   4   1   4   0.179804153   0.409050697   0.120689655   0.465517241
   1   4   1   4   0.167717543   0.460832067   0.155172414   0.465517241
   1   4   1   4   0.125436068   0.409794254   0.189655172   0.431034483
   1   4   1   4   0.146248937   0.409577762   0.086206897   0.500000000
   1   4   1   4   0.147525026   0.458658714   0.155172414   0.534482759
   1   4   1   4   0.198331779   0.485341040   0.224137931   0.465517241
   1   4   1   4   0.187721602   0.432057808   0.258620690   0.465517241
   1   4   1   4   0.118042481   0.483052362   0.017241379   0.396551724
   1   5   1   5   0.140678326   0.569125559   0.120689655   0.568965517
   1   5   1   5   0.105317213   0.557704958   0.086206897   0.603448276
   1   5   1   5   0.163043790   0.506688670   0.086206897   0.568965517
   1   5   1   5   0.179782705   0.548768627   0.155172414   0.500000000
   1   5   1   5   0.187417018   0.505810678   0.189655172   0.500000000
   1   5   1   5   0.150391549   0.529745363   0.051724138   0.534482759
   1   5   1   5   0.127534164   0.532871684   0.120689655   0.534482759
   1   5   1   5   0.134571513   0.506221950   0.120689655   0.500000000
   1   6   1   6   0.160093845   0.669904330   0.155172414   0.603448276
   1   6   1   6   0.167597449   0.606257161   0.120689655   0.603448276
   1   6   1   6   0.128542624   0.683853780   0.189655172   0.672413793
   1   6   1   6   0.196027374   0.663274724   0.189655172   0.568965517
   1   6   1   6   0.149892931   0.617119060   0.155172414   0.706896552
   1   6   1   6   0.118106949   0.617427288   0.051724138   0.637931034
   1   6   1   6   0.105899336   0.699946159   0.155172414   0.672413793
   1   7   1   7   0.139435416   0.718735630   0.155172414   0.741379310
   1   7   1   7   0.173899494   0.720799545   0.155172414   0.775862069
   1   7   1   7   0.179726469   0.764950787   0.155172414   0.810344828
   1   7   1   7   0.126971611   0.758440657   0.086206897   0.775862069
   1   7   1   7   0.112018346   0.737716248   0.086206897   0.672413793
   1   7   1   7   0.147218281   0.747598308   0.224137931   0.810344828
   1   7   1   7   0.128356868   0.779013657   0.189655172   0.844827586
   1   7   1   7   0.173080187   0.785947613   0.189655172   0.810344828
   1   7   1   7   0.140920017   0.794846691   0.155172414   0.879310345
   1   8   1   8   0.172941463   0.850448905   0.120689655   0.844827586
   1   8   1   8   0.192362241   0.835958694   0.120689655   0.879310345
   1   8   1   8   0.126775654   0.822179465   0.086206897   0.879310345
   1   8   1   8   0.188982233   0.892655561   0.120689655   0.913793103
   1   8   1   8   0.108482297   0.834614972   0.086206897   0.810344828
   1   9   1   9   0.123148793   0.986148285   0.155172414   0.982758621
   1   9   1   9   0.139171682   0.971158077   0.189655172   0.982758621
   1   9   1   9   0.156980646   0.906467487   0.086206897   0.948275862
   1   9   1   9   0.148877695   0.946351680   0.189655172   0.879310345
   1   9   1   9   0.114758879   0.933192562   0.086206897   0.913793103
   1   9   1   9   0.121506199   0.960838981   0.120689655   0.982758621
   2   0   2   0   0.282472153   0.075103234   0.224137931   0.051724138
   2   0   2   0   0.262192330   0.034005743   0.258620690   0.051724138
   2   0   2   0   0.241831409   0.010252513   0.258620690   0.086206897
   2   0   2   0   0.218294410   0.010031592   0.189655172   0.051724138
   2   0   2   0   0.248366904   0.083890857   0.155172414   0.086206897
   2   0   2   0   0.231003872   0.043166287   0.120689655   0.086206897
   2   0   2   0   0.220254617   0.084841827   0.120689655   0.120689655
   2   0   2   0   0.205669858   0.067963784   0.155172414   0.120689655
   2   1   2   1   0.217055833   0.145307543   0.258620690   0.120689655
   2   1   2   1   0.215816877   0.177370616   0.258620690   0.155172414
   2   1   2   1   0.207557469   0.113380315   0.293103448   0.120689655
   2   1   2   1   0.247475463   0.186217015   0.293103448   0.155172414
   2   1   2   1   0.265130708   0.135165776   0.327586207   0.120689655
   2   1   2   1   0.243498750   0.119216417   0.293103448   0.051724138
   2   1   2   1   0.282302734   0.150595367   0.327586207   0.189655172
   2   1   2   1   0.292800922   0.108038476   0.327586207   0.051724138
   2   2   2   2   0.233339678   0.247182841   0.224137931   0.224137931
   2   2   2   2   0.281389825   0.239327720   0.293103448   0.258620690
   2   2   2   2   0.282205368   0.201671516   0.293103448   0.189655172
   2   2   2   2   0.296118749   0.299398527   0.293103448   0.293103448
   2   2   2   2   0.214810870   0.229942174   0.189655172   0.120689655
   2   2   2   2   0.234147579   0.268912856   0.327586207   0.258620690
   2   2   2   2   0.256323867   0.227098433   0.258620690   0.224137931
   2   2   2   2   0.289643794   0.271506317   0.258620690   0.293103448
   2   2   2   2   0.208284081   0.252804290   0.189655172   0.293103448
   2   2   2   2   0.205845888   0.204209016   0.224137931   0.086206897
   2   3   2   3   0.232892972   0.305800545   0.224137931   0.327586207
   2   3   2   3   0.255054329   0.347259913   0.293103448   0.362068966
   2   3   2   3   0.287854750   0.360772189   0.327586207   0.396551724
   2   3   2   3   0.206699160   0.331935110   0.224137931   0.293103448
   2   3   2   3   0.269022909   0.305688531   0.293103448   0.327586207
   2   3   2   3   0.295301865   0.381006657   0.362068966   0.396551724
   2   3   2   3   0.230979113   0.353693692   0.155172414   0.293103448
   2   3   2   3   0.243067336   0.387970871   0.155172414   0.396551724
   2   3   2   3   0.202848157   0.398023150   0.189655172   0.396551724
   2   4   2   4   0.222964149   0.416438800   0.224137931   0.431034483
   2   4   2   4   0.270265122   0.487844392   0.258620690   0.431034483
   2   4   2   4   0.219635056   0.446868310   0.224137931   0.534482759
   2   4   2   4   0.286648555   0.429354117   0.293103448   0.431034483
   2   4   2   4   0.236422320   0.458272178   0.258620690   0.362068966
   2   4   2   4   0.288269276   0.450610316   0.362068966   0.465517241
   2   4   2   4   0.216833309   0.472273699   0.293103448   0.465517241
   2   4   2   4   0.244605215   0.412373761   0.224137931   0.396551724
   2   4   2   4   0.238893352   0.480669133   0.293103448   0.500000000
   2   4   2   4   0.270352379   0.403962711   0.189655172   0.362068966
   2   5   2   5   0.234677284   0.570950741   0.258620690   0.568965517
   2   5   2   5   0.208916595   0.581810838   0.224137931   0.603448276
   2   5   2   5   0.275932552   0.523286097   0.224137931   0.500000000
   2   5   2   5   0.236448646   0.544284917   0.258620690   0.603448276
   2   5   2   5   0.285139008   0.547030203   0.293103448   0.637931034
   2   5   2   5   0.275139277   0.581399559   0.224137931   0.637931034
   2   5   2   5   0.215404293   0.535640540   0.189655172   0.534482759
   2   5   2   5   0.287044327   0.598036920   0.327586207   0.603448276
   2   6   2   6   0.261254914   0.634555162   0.258620690   0.637931034
   2   6   2   6   0.283259373   0.687647060   0.327586207   0.637931034
   2   6   2   6   0.268830665   0.663096176   0.224137931   0.706896552
   2   6   2   6   0.220874652   0.660128133   0.189655172   0.603448276
   2   6   2   6   0.231243927   0.677451291   0.258620690   0.706896552
   2   6   2   6   0.247377343   0.689529741   0.258620690   0.672413793
   2   6   2   6   0.236650817   0.624082930   0.189655172   0.637931034
   2   6   2   6   0.227311091   0.697318225   0.189655172   0.706896552
   2   6   2   6   0.203126547   0.606128239   0.155172414   0.568965517
   2   6   2   6   0.201961539   0.698936418   0.155172414   0.637931034
   2   7   2   7   0.242541073   0.797357920   0.293103448   0.706896552
   2   7   2   7   0.242501498   0.776547814   0.293103448   0.741379310
   2   7   2   7   0.275029748   0.731866406   0.189655172   0.775862069
   2   7   2   7   0.283288108   0.788743905   0.224137931   0.672413793
   2   7   2   7   0.295390713   0.743422948   0.189655172   0.741379310
   2   7   2   7   0.221276020   0.717790036   0.155172414   0.844827586
   2   7   2   7   0.201327756   0.776345081   0.224137931   0.741379310
   2   7   2   7   0.237381933   0.746641316   0.224137931   0.568965517
   2   7   2   7   0.209755236   0.796976069   0.224137931   0.775862069
   2   7   2   7   0.298963247   0.772107066   0.327586207   0.706896552
   2   7   2   7   0.297912678   0.715335553   0.327586207   0.741379310
   2   8   2   8   0.242664497   0.846831477   0.224137931   0.844827586
   2   8   2   8   0.264743135   0.806207692   0.258620690   0.844827586
   2   8   2   8   0.261756061   0.854380645   0.258620690   0.948275862
   2   8   2   8   0.262698604   0.875528948   0.258620690   0.879310345
   2   8   2   8   0.231010883   0.823746855   0.258620690   0.741379310
   2   8   2   8   0.280025111   0.842147966   0.293103448   0.810344828
   2   8   2   8   0.206783041   0.870674481   0.224137931   0.879310345
   2   8   2   8   0.299182939   0.806089157   0.327586207   0.810344828
   2   9   2   9   0.246494763   0.975705431   0.224137931   0.948275862
   2   9   2   9   0.226002531   0.945357858   0.224137931   0.982758621
   2   9   2   9   0.281050489   0.988715880   0.258620690   0.982758621
   2   9   2   9   0.288380609   0.960160939   0.293103448   0.844827586
   2   9   2   9   0.292558554   0.922232685   0.224137931   0.913793103
   2   9   2   9   0.224367585   0.981522966   0.155172414   0.948275862
   2   9   2   9   0.204543974   0.905960552   0.155172414   0.913793103
   2   9   2   9   0.226156902   0.910810823   0.189655172   0.913793103
   2   9   2   9   0.205991227   0.967506567   0.120689655   0.948275862
   3   0   3   0   0.357217112   0.036001159   0.327586207   0.017241379
   3   0   3   0   0.369671312   0.010898058   0.396551724   0.017241379
   3   0   3   0   0.355892023   0.064729493   0.396551724   0.051724138
   3   0   3   0   0.320657345   0.079908787   0.293103448   0.017241379
   3   0   3   0   0.330096745   0.053959249   0.396551724   0.086206897
   3   0   3   0   0.315674046   0.010804120   0.224137931   0.017241379
   3   0   3   0   0.375399674   0.045258366   0.465517241   0.120689655
   3   0   3   0   0.305585530   0.034940246   0.258620690   0.017241379
   3   0   3   0   0.338238050   0.099147613   0.293103448   0.086206897
   3   1   3   1   0.375362746   0.194333668   0.327586207   0.155172414
   3   1   3   1   0.390514791   0.167223580   0.362068966   0.120689655
   3   1   3   1   0.363740687   0.159725548   0.362068966   0.086206897
   3   1   3   1   0.336178082   0.123955523   0.362068966   0.051724138
   3   1   3   1   0.302358029   0.167905159   0.362068966   0.258620690
   3   1   3   1   0.385079979   0.137501374   0.362068966   0.017241379
   3   1   3   1   0.312393590   0.185228013   0.293103448   0.224137931
   3   1   3   1   0.366339149   0.124665865   0.465517241   0.017241379
   3   1   3   1   0.329192674   0.196405834   0.362068966   0.224137931
   3   1   3   1   0.312014609   0.102159510   0.327586207   0.086206897
   3   2   3   2   0.353489201   0.232607774   0.362068966   0.293103448
   3   2   3   2   0.316445486   0.249192720   0.396551724   0.224137931
   3   2   3   2   0.374507337   0.256872034   0.327586207   0.224137931
   3   2   3   2   0.372678190   0.289741842   0.500000000   0.258620690
   3   2   3   2   0.338571349   0.290233928   0.362068966   0.327586207
   3   2   3   2   0.389419822   0.225239843   0.362068966   0.155172414
   3   2   3   2   0.305968894   0.211069659   0.258620690   0.189655172
   3   3   3   3   0.327624854   0.389612943   0.396551724   0.327586207
   3   3   3   3   0.357947532   0.332729245   0.396551724   0.362068966
   3   3   3   3   0.365477162   0.384205614   0.327586207   0.293103448
   3   3   3   3   0.321637100   0.301862523   0.258620690   0.327586207
   3   3   3   3   0.336915100   0.347566206   0.327586207   0.362068966
   3   3   3   3   0.317563627   0.323016992   0.224137931   0.362068966
   3   4   3   4   0.368206162   0.444586822   0.327586207   0.465517241
   3   4   3   4   0.338780294   0.408684482   0.431034483   0.431034483
   3   4   3   4   0.344608194   0.468401429   0.293103448   0.396551724
   3   4   3   4   0.332122577   0.431023498   0.431034483   0.396551724
   3   4   3   4   0.366891077   0.488350475   0.396551724   0.396551724
   3   4   3   4   0.393963630   0.463956796   0.396551724   0.500000000
   3   4   3   4   0.319393022   0.474716945   0.293103448   0.534482759
   3   4   3   4   0.308273451   0.445451475   0.258620690   0.396551724
   3   4   3   4   0.311422270   0.401529316   0.362068966   0.362068966
   3   4   3   4   0.384220785   0.408888701   0.465517241   0.431034483
   3   4   3   4   0.344596535   0.499911938   0.327586207   0.431034483
   3   5   3   5   0.359138915   0.542232472   0.362068966   0.534482759
   3   5   3   5   0.360193748   0.522092725   0.396551724   0.568965517
   3   5   3   5   0.329587996   0.577697932   0.431034483   0.568965517
   3   5   3   5   0.325800228   0.527585702   0.327586207   0.500000000
   3   5   3   5   0.352374995   0.561066347   0.465517241   0.500000000
   3   5   3   5   0.383167531   0.524081994   0.327586207   0.534482759
   3   5   3   5   0.380481327   0.553405144   0.431034483   0.534482759
   3   5   3   5   0.308177893   0.501419895   0.258620690   0.500000000
   3   6   3   6   0.307786432   0.639558996   0.362068966   0.637931034
   3   6   3   6   0.336371733   0.693297998   0.293103448   0.672413793
   3   6   3   6   0.354986204   0.636662235   0.327586207   0.568965517
   3   6   3   6   0.389210933   0.604256012   0.293103448   0.568965517
   3   6   3   6   0.397385470   0.660546076   0.396551724   0.603448276
   3   6   3   6   0.347554678   0.611138594   0.362068966   0.568965517
   3   6   3   6   0.329573070   0.674186081   0.293103448   0.603448276
   3   6   3   6   0.318686003   0.608716711   0.258620690   0.534482759
   3   7   3   7   0.331275256   0.776320177   0.362068966   0.775862069
   3   7   3   7   0.353423674   0.718527645   0.396551724   0.706896552
   3   7   3   7   0.359345879   0.749563095   0.293103448   0.775862069
   3   7   3   7   0.332680914   0.723812679   0.327586207   0.672413793
   3   7   3   7   0.317245582   0.748953725   0.258620690   0.775862069
   3   7   3   7   0.392435999   0.756935395   0.362068966   0.672413793
   3   7   3   7   0.369210641   0.785495004   0.362068966   0.879310345
   3   7   3   7   0.390653997   0.709713200   0.396551724   0.741379310
   3   7   3   7   0.319617703   0.795750014   0.362068966   0.810344828
   3   7   3   7   0.365427559   0.701739342   0.431034483   0.637931034
   3   8   3   8   0.353742275   0.814006622   0.327586207   0.879310345
   3   8   3   8   0.342043386   0.876544179   0.293103448   0.879310345
   3   8   3   8   0.308994067   0.832449338   0.327586207   0.775862069
   3   8   3   8   0.329823599   0.840387718   0.327586207   0.913793103
   3   8   3   8   0.382888868   0.893616637   0.362068966   0.982758621
   3   8   3   8   0.370660866   0.877244426   0.293103448   0.948275862
   3   8   3   8   0.375758469   0.830300367   0.431034483   0.844827586
   3   8   3   8   0.304276748   0.888110845   0.327586207   0.844827586
   3   8   3   8   0.324607064   0.862676489   0.258620690   0.810344828
   3   8   3   8   0.348095745   0.897552049   0.362068966   0.844827586
   3   8   3   8   0.398737781   0.804739018   0.396551724   0.844827586
   3   9   3   9   0.375349925   0.926829001   0.327586207   0.948275862
   3   9   3   9   0.342350242   0.946491857   0.327586207   0.982758621
   3   9   3   9   0.319603685   0.941336482   0.293103448   0.982758621
   3   9   3   9   0.310581359   0.962772092   0.293103448   0.913793103
   3   9   3   9   0.312411593   0.918899999   0.189655172   0.948275862
   3   9   3   9   0.393342510   0.914163132   0.362068966   0.913793103
   3   9   3   9   0.398457116   0.987796863   0.362068966   0.948275862
   4   0   4   0   0.410660975   0.073975235   0.431034483   0.017241379
   4   0   4   0   0.404690538   0.040387009   0.465517241   0.051724138
   4   0   4   0   0.424925458   0.020102883   0.500000000   0.017241379
   4   0   4   0   0.419791670   0.053862177   0.568965517   0.051724138
   4   0   4   0   0.440499195   0.048861308   0.603448276   0.051724138
   4   0   4   0   0.471816786   0.026763634   0.568965517   0.017241379
   4   0   4   0   0.448160331   0.079342557   0.465517241   0.086206897
   4   0   4   0   0.413373424   0.094450309   0.500000000   0.051724138
   4   0   4   0   0.493032444   0.035247762   0.603448276   0.017241379
   4   1   4   1   0.458568387   0.150241120   0.500000000   0.155172414
   4   1   4   1   0.489533460   0.157892054   0.431034483   0.086206897
   4   1   4   1   0.469210665   0.120448630   0.396551724   0.155172414
   4   1   4   1   0.432259486   0.195679781   0.396551724   0.189655172
   4   1   4   1   0.429497863   0.139974311   0.396551724   0.120689655
   4   1   4   1   0.405984126   0.151360946   0.431034483   0.051724138
   4   1   4   1   0.456282685   0.102785936   0.500000000   0.086206897
   4   1   4   1   0.465462074   0.185949688   0.500000000   0.120689655
   4   1   4   1   0.493856946   0.135553956   0.534482759   0.051724138
   4   1   4   1   0.488502761   0.197034397   0.465517241   0.224137931
   4   2   4   2   0.453308558   0.288278059   0.431034483   0.258620690
   4   2   4   2   0.480241226   0.263931218   0.500000000   0.293103448
   4   2   4   2   0.441977051   0.262501125   0.500000000   0.224137931
   4   2   4   2   0.461056367   0.242475335   0.465517241   0.189655172
   4   2   4   2   0.423165883   0.250574981   0.465517241   0.258620690
   4   2   4   2   0.417914418   0.299043737   0.327586207   0.327586207
   4   2   4   2   0.417942897   0.227550155   0.431034483   0.155172414
   4   2   4   2   0.483369315   0.242746542   0.465517241   0.155172414
   4   2   4   2   0.418899626   0.278467985   0.431034483   0.189655172
   4   2   4   2   0.445921820   0.228988369   0.500000000   0.189655172
   4   2   4   2   0.474114759   0.286330288   0.534482759   0.327586207
   4   2   4   2   0.411647963   0.203937355   0.362068966   0.189655172
   4   3   4   3   0.459573898   0.366543419   0.500000000   0.327586207
   4   3   4   3   0.418848590   0.378987069   0.396551724   0.293103448
   4   3   4   3   0.423494378   0.359510612   0.431034483   0.293103448
   4   3   4   3   0.463123456   0.326148852   0.465517241   0.293103448
   4   3   4   3   0.447306710   0.350373579   0.431034483   0.224137931
   4   3   4   3   0.437544007   0.398989367   0.431034483   0.362068966
   4   3   4   3   0.480725232   0.359193828   0.500000000   0.362068966
   4   3   4   3   0.403693445   0.324501418   0.396551724   0.258620690
   4   4   4   4   0.445831096   0.477254017   0.431034483   0.465517241
   4   4   4   4   0.408910494   0.446243717   0.465517241   0.465517241
   4   4   4   4   0.420648943   0.480969002   0.396551724   0.465517241
   4   4   4   4   0.421062963   0.413006196   0.534482759   0.465517241
   4   4   4   4   0.464435437   0.459542756   0.500000000   0.396551724
   4   4   4   4   0.401963829   0.427087740   0.396551724   0.431034483
   4   4   4   4   0.461354421   0.410932629   0.465517241   0.327586207
   4   4   4   4   0.432003478   0.440824047   0.362068966   0.431034483
   4   4   4   4   0.493005723   0.471685948   0.465517241   0.362068966
   4   4   4   4   0.498048060   0.436866633   0.500000000   0.431034483
   4   4   4   4   0.488008215   0.406956252   0.431034483   0.327586207
   4   4   4   4   0.410583386   0.499849535   0.362068966   0.500000000
   4   5   4   5   0.433911700   0.502258071   0.431034483   0.500000000
   4   5   4   5   0.484002963   0.541582409   0.465517241   0.534482759
   4   5   4   5   0.428800465   0.545780370   0.500000000   0.568965517
   4   5   4   5   0.455454435   0.548924988   0.500000000   0.603448276
   4   5   4   5   0.428584694   0.576024470   0.396551724   0.534482759
   4   5   4   5   0.446376390   0.566872104   0.465517241   0.603448276
   4   5   4   5   0.435997045   0.595967132   0.465517241   0.672413793
   4   5   4   5   0.467328655   0.580898364   0.603448276   0.637931034
   4   5   4   5   0.478617749   0.506210892   0.500000000   0.500000000
   4   6   4   6   0.461391900   0.664643533   0.431034483   0.672413793
   4   6   4   6   0.417992218   0.670895741   0.396551724   0.637931034
   4   6   4   6   0.451553198   0.609232855   0.396551724   0.672413793
   4   6   4   6   0.487440299   0.617895090   0.500000000   0.637931034
   4   6   4   6   0.417744622   0.611977484   0.431034483   0.603448276
   4   6   4   6   0.480327037   0.687143107   0.534482759   0.706896552
   4   6   4   6   0.421463346   0.635896154   0.362068966   0.603448276
   4   7   4   7   0.432890835   0.751603374   0.431034483   0.741379310
   4   7   4   7   0.478816674   0.730225983   0.465517241   0.775862069
   4   7   4   7   0.451917785   0.774475293   0.396551724   0.775862069
   4   7   4   7   0.430034476   0.728873185   0.362068966   0.741379310
   4   7   4   7   0.489196198   0.712149936   0.500000000   0.741379310
   4   7   4   7   0.456579619   0.740163700   0.362068966   0.706896552
   4   7   4   7   0.414411315   0.778639366   0.396551724   0.810344828
   4   7   4   7   0.484030380   0.794721062   0.431034483   0.879310345
   4   7   4   7   0.411017586   0.719739562   0.431034483   0.706896552
   4   7   4   7   0.493338433   0.770446262   0.534482759   0.775862069
   4   8   4   8   0.424309404   0.843053394   0.465517241   0.844827586
   4   8   4   8   0.496097777   0.858461355   0.500000000   0.879310345
   4   8   4   8   0.452304112   0.840290483   0.396551724   0.879310345
   4   8   4   8   0.440005969   0.876748461   0.534482759   0.879310345
   4   8   4   8   0.465031765   0.812845851   0.500000000   0.775862069
   4   8   4   8   0.426674213   0.800036459   0.465517241   0.741379310
   4   8   4   8   0.466616469   0.888222164   0.465517241   0.982758621
   4   8   4   8   0.436123501   0.896762499   0.465517241   0.913793103
   4   9   4   9   0.431075048   0.950029506   0.431034483   0.913793103
   4   9   4   9   0.447508006   0.987631496   0.431034483   0.948275862
   4   9   4   9   0.470931253   0.962805743   0.465517241   0.948275862
   4   9   4   9   0.418164826   0.965611566   0.396551724   0.982758621
   4   9   4   9   0.468725476   0.930495983   0.396551724   0.913793103
   4   9   4   9   0.470310621   0.984587817   0.500000000   0.982758621
   4   9   4   9   0.489146105   0.917540616   0.465517241   0.879310345
   4   9   4   9   0.416225077   0.917710583   0.258620690   0.913793103
   4   9   4   9   0.406769495   0.942222863   0.396551724   0.948275862
   4   9   4   9   0.498945629   0.935292650   0.534482759   0.948275862
   5   0   5   0   0.576634564   0.040369322   0.603448276   0.086206897
   5   0   5   0   0.530386933   0.040667139   0.637931034   0.017241379
   5   0   5   0   0.554875529   0.036888406   0.672413793   0.017241379
   5   0   5   0   0.587561317   0.090022467   0.534482759   0.086206897
   5   0   5   0   0.597871931   0.028021715   0.706896552   0.051724138
   5   0   5   0   0.566968845   0.093596338   0.568965517   0.086206897
   5   1   5   1   0.563482902   0.125892436   0.534482759   0.120689655
   5   1   5   1   0.530923628   0.174619803   0.534482759   0.155172414
   5   1   5   1   0.548220664   0.194141503   0.603448276   0.120689655
   5   1   5   1   0.543036809   0.134838720   0.603448276   0.155172414
   5   1   5   1   0.592327832   0.111418349   0.637931034   0.155172414
   5   1   5   1   0.585539464   0.134598281   0.672413793   0.189655172
   5   1   5   1   0.521532743   0.151585743   0.431034483   0.120689655
   5   1   5   1   0.596077824   0.164669131   0.637931034   0.189655172
   5   1   5   1   0.532301048   0.117579695   0.534482759   0.017241379
   5   1   5   1   0.596088269   0.184761426   0.568965517   0.155172414
   5   2   5   2   0.537644286   0.259491165   0.534482759   0.293103448
   5   2   5   2   0.510404426   0.228000185   0.534482759   0.189655172
   5   2   5   2   0.506050159   0.279660333   0.534482759   0.224137931
   5   2   5   2   0.558968549   0.211393163   0.568965517   0.189655172
   5   2   5   2   0.594709809   0.243767968   0.672413793   0.224137931
   5   2   5   2   0.528873716   0.288327712   0.603448276   0.327586207
   5   3   5   3   0.546175697   0.311123032   0.568965517   0.327586207
   5   3   5   3   0.538489450   0.360742246   0.568965517   0.362068966
   5   3   5   3   0.571176736   0.347000088   0.603448276   0.293103448
   5   3   5   3   0.522289967   0.382960244   0.568965517   0.431034483
   5   3   5   3   0.507742032   0.325376277   0.534482759   0.396551724
   5   4   5   4   0.557968871   0.436694563   0.534482759   0.431034483
   5   4   5   4   0.583940366   0.449250193   0.534482759   0.534482759
   5   4   5   4   0.557845362   0.466728224   0.465517241   0.568965517
   5   4   5   4   0.539277914   0.426015292   0.568965517   0.396551724
   5   4   5   4   0.516533433   0.410456315   0.465517241   0.396551724
   5   4   5   4   0.559659804   0.405049650   0.637931034   0.396551724
   5   4   5   4   0.576056095   0.421383460   0.603448276   0.362068966
   5   4   5   4   0.590281828   0.482337910   0.603448276   0.500000000
   5   4   5   4   0.512130689   0.495567548   0.465517241   0.637931034
   5   5   5   5   0.542705580   0.517627687   0.500000000   0.534482759
   5   5   5   5   0.571522357   0.569628614   0.568965517   0.500000000
   5   5   5   5   0.550816517   0.541521474   0.568965517   0.534482759
   5   5   5   5   0.531728664   0.549539383   0.568965517   0.568965517
   5   5   5   5   0.541427546   0.572424413   0.603448276   0.534482759
   5   5   5   5   0.582279378   0.524764707   0.568965517   0.465517241
   5   5   5   5   0.577357919   0.589006443   0.603448276   0.568965517
   5   5   5   5   0.509988676   0.548319635   0.534482759   0.568965517
   5   5   5   5   0.563797393   0.507739271   0.500000000   0.465517241
   5   6   5   6   0.564653326   0.630444296   0.534482759   0.603448276
   5   6   5   6   0.536609153   0.643217207   0.534482759   0.672413793
   5   6   5   6   0.556594917   0.666615949   0.637931034   0.672413793
   5   6   5   6   0.514561097   0.633073573   0.534482759   0.637931034
   5   6   5   6   0.589615088   0.625776053   0.568965517   0.603448276
   5   6   5   6   0.524530359   0.669163260   0.500000000   0.672413793
   5   6   5   6   0.558029442   0.693232066   0.534482759   0.741379310
   5   6   5   6   0.509800534   0.685277548   0.603448276   0.706896552
   5   7   5   7   0.560519226   0.713256823   0.568965517   0.775862069
   5   7   5   7   0.563237769   0.759225657   0.534482759   0.810344828
   5   7   5   7   0.574305698   0.739111322   0.500000000   0.706896552
   5   7   5   7   0.539386654   0.732439288   0.465517241   0.706896552
   5   7   5   7   0.556239568   0.778285377   0.465517241   0.810344828
   5   7   5   7   0.595116706   0.754189521   0.568965517   0.741379310
   5   7   5   7   0.538207818   0.705954125   0.568965517   0.637931034
   5   7   5   7   0.582896269   0.706334101   0.637931034   0.706896552
   5   8   5   8   0.522202549   0.856581837   0.500000000   0.844827586
   5   8   5   8   0.596287171   0.838774426   0.568965517   0.810344828
   5   8   5   8   0.543269833   0.829112539   0.500000000   0.810344828
   5   8   5   8   0.589111245   0.805678187   0.603448276   0.810344828
   5   8   5   8   0.536267352   0.882097332   0.500000000   0.913793103
   5   8   5   8   0.506802326   0.891526548   0.534482759   0.844827586
   5   8   5   8   0.506911406   0.828385357   0.431034483   0.775862069
   5   8   5   8   0.574021255   0.880498798   0.568965517   0.879310345
   5   8   5   8   0.534424357   0.802459119   0.431034483   0.810344828
   5   9   5   9   0.555043882   0.904255565   0.500000000   0.948275862
   5   9   5   9   0.568178489   0.922884073   0.534482759   0.913793103
   5   9   5   9   0.529435772   0.950552367   0.534482759   0.982758621
   5   9   5   9   0.579146640   0.944189985   0.568965517   0.948275862
   5   9   5   9   0.546290010   0.936095699   0.603448276   0.982758621
   5   9   5   9   0.540437731   0.978616568   0.637931034   0.982758621
   5   9   5   9   0.506625855   0.963952132   0.431034483   0.982758621
   5   9   5   9   0.590694756   0.902438801   0.603448276   0.913793103
   6   0   6   0   0.631262289   0.023775862   0.637931034   0.051724138
   6   0   6   0   0.675055297   0.082523209   0.672413793   0.051724138
   6   0   6   0   0.622005797   0.064141734   0.568965517   0.120689655
   6   0   6   0   0.634826626   0.079913474   0.637931034   0.086206897
   6   0   6   0   0.671745633   0.021382568   0.741379310   0.051724138
   6   0   6   0   0.608189985   0.094826841   0.637931034   0.120689655
   6   0   6   0   0.653739309   0.098098000   0.672413793   0.120689655
   6   1   6   1   0.682539720   0.151749960   0.672413793   0.155172414
   6   1   6   1   0.646010260   0.150482400   0.706896552   0.155172414
   6   1   6   1   0.627366520   0.140882016   0.672413793   0.086206897
   6   1   6   1   0.676418553   0.108809140   0.775862069   0.120689655
   6   1   6   1   0.674160670   0.176696112   0.637931034   0.224137931
   6   2   6   2   0.649104286   0.200256507   0.637931034   0.258620690
   6   2   6   2   0.660952499   0.299844491   0.672413793   0.258620690
   6   2   6   2   0.672644779   0.282533819   0.672413793   0.293103448
   6   2   6   2   0.684646582   0.260983632   0.603448276   0.224137931
   6   2   6   2   0.625077336   0.232312546   0.603448276   0.189655172
   6   2   6   2   0.653765546   0.243698099   0.568965517   0.224137931
   6   2   6   2   0.698390709   0.293093528   0.706896552   0.224137931
   6   2   6   2   0.669660693   0.231478492   0.706896552   0.189655172
   6   2   6   2   0.648976682   0.282812873   0.568965517   0.258620690
   6   2   6   2   0.608757097   0.258295827   0.534482759   0.258620690
   6   2   6   2   0.608102977   0.295468887   0.534482759   0.362068966
   6   3   6   3   0.645085327   0.381386735   0.672413793   0.362068966
   6   3   6   3   0.634529983   0.318070379   0.603448276   0.258620690
   6   3   6   3   0.653997060   0.359706746   0.637931034   0.293103448
   6   3   6   3   0.661224927   0.334263679   0.706896552   0.293103448
   6   3   6   3   0.604346870   0.380424221   0.603448276   0.431034483
   6   3   6   3   0.609111467   0.355653535   0.568965517   0.293103448
   6   3   6   3   0.690276671   0.326569554   0.741379310   0.258620690
   6   4   6   4   0.644202859   0.402810008   0.603448276   0.465517241
   6   4   6   4   0.647470993   0.491752701   0.637931034   0.431034483
   6   4   6   4   0.663725124   0.465121622   0.706896552   0.431034483
   6   4   6   4   0.677223275   0.445769176   0.672413793   0.431034483
   6   4   6   4   0.636244348   0.459230367   0.637931034   0.362068966
   6   4   6   4   0.661073042   0.427458875   0.672413793   0.396551724
   6   4   6   4   0.604770655   0.403861229   0.534482759   0.500000000
   6   4   6   4   0.697883817   0.424236722   0.741379310   0.396551724
   6   4   6   4   0.620988447   0.488234068   0.603448276   0.396551724
   6   5   6   5   0.606964552   0.520712111   0.637931034   0.534482759
   6   5   6   5   0.632674176   0.581032708   0.672413793   0.534482759
   6   5   6   5   0.684536070   0.537433792   0.741379310   0.534482759
   6   5   6   5   0.643900845   0.543523817   0.637931034   0.465517241
   6   5   6   5   0.664139792   0.527527326   0.741379310   0.465517241
   6   5   6   5   0.662917236   0.581903773   0.741379310   0.637931034
   6   5   6   5   0.692733306   0.511234377   0.706896552   0.465517241
   6   5   6   5   0.687769017   0.590318440   0.706896552   0.637931034
   6   5   6   5   0.664805514   0.507074144   0.672413793   0.500000000
   6   5   6   5   0.609690565   0.591740824   0.603448276   0.603448276
   6   5   6   5   0.607152779   0.547861124   0.706896552   0.500000000
   6   5   6   5   0.602125474   0.570336090   0.706896552   0.534482759
   6   6   6   6   0.636896851   0.619425006   0.637931034   0.637931034
   6   6   6   6   0.616295050   0.637284838   0.672413793   0.603448276
   6   6   6   6   0.641116668   0.686360012   0.637931034   0.603448276
   6   6   6   6   0.686223306   0.652107740   0.637931034   0.568965517
   6   6   6   6   0.667828320   0.675752612   0.741379310   0.603448276
   6   6   6   6   0.643593027   0.638679401   0.706896552   0.741379310
   6   6   6   6   0.672787476   0.619665431   0.672413793   0.568965517
   6   6   6   6   0.611255086   0.671959852   0.568965517   0.672413793
   6   6   6   6   0.695983219   0.685119097   0.603448276   0.672413793
   6   7   6   7   0.650818907   0.709041028   0.637931034   0.775862069
   6   7   6   7   0.603941276   0.781060286   0.672413793   0.844827586
   6   7   6   7   0.662400152   0.768111571   0.672413793   0.741379310
   6   7   6   7   0.623105189   0.756690195   0.568965517   0.706896552
   6   7   6   7   0.616069738   0.714880556   0.672413793   0.672413793
   6   7   6   7   0.684335006   0.734653808   0.672413793   0.775862069
   6   8   6   8   0.656359427   0.875981264   0.603448276   0.844827586
   6   8   6   8   0.619598750   0.836730293   0.637931034   0.810344828
   6   8   6   8   0.654691124   0.851048824   0.637931034   0.879310345
   6   8   6   8   0.693683290   0.875844772   0.706896552   0.810344828
   6   8   6   8   0.665421187   0.821776977   0.741379310   0.844827586
   6   8   6   8   0.641819957   0.835625133   0.637931034   0.741379310
   6   8   6   8   0.630673651   0.865451618   0.637931034   0.844827586
   6   8   6   8   0.617739805   0.892172229   0.672413793   0.913793103
   6   8   6   8   0.610264708   0.859641196   0.568965517   0.844827586
   6   8   6   8   0.640972693   0.814613162   0.603448276   0.741379310
   6   8   6   8   0.619493050   0.802672702   0.603448276   0.775862069
   6   9   6   9   0.697369479   0.970303120   0.603448276   0.948275862
   6   9   6   9   0.617860166   0.925945918   0.672413793   0.948275862
   6   9   6   9   0.610022161   0.987641984   0.568965517   0.913793103
   6   9   6   9   0.678687126   0.957593738   0.568965517   0.982758621
   6   9   6   9   0.647005048   0.936856968   0.637931034   0.948275862
   6   9   6   9   0.635271314   0.908636289   0.637931034   0.913793103
   6   9   6   9   0.617763453   0.952993263   0.603448276   0.879310345
   6   9   6   9   0.683010939   0.933085581   0.741379310   0.982758621
   7   0   7   0   0.714813933   0.038687310   0.741379310   0.017241379
   7   0   7   0   0.761066152   0.080759958   0.741379310   0.086206897
   7   0   7   0   0.754991192   0.011539843   0.775862069   0.017241379
   7   0   7   0   0.752549679   0.047292828   0.775862069   0.051724138
   7   0   7   0   0.737777184   0.072572382   0.706896552   0.120689655
   7   0   7   0   0.775104076   0.055964777   0.810344828   0.051724138
   7   0   7   0   0.705951008   0.017448780   0.706896552   0.017241379
   7   0   7   0   0.785949271   0.036957239   0.810344828   0.017241379
   7   0   7   0   0.795471537   0.057124722   0.810344828   0.086206897
   7   0   7   0   0.707070865   0.088187797   0.706896552   0.086206897
   7   1   7   1   0.763699478   0.152187652   0.741379310   0.155172414
   7   1   7   1   0.718748440   0.113824362   0.775862069   0.155172414
   7   1   7   1   0.743135925   0.111518941   0.775862069   0.189655172
   7   1   7   1   0.790333504   0.160034016   0.741379310   0.120689655
   7   1   7   1   0.760764940   0.186175668   0.844827586   0.120689655
   7   1   7   1   0.796729663   0.132224785   0.844827586   0.086206897
   7   1   7   1   0.708889595   0.152690246   0.741379310   0.189655172
   7   1   7   1   0.764053870   0.112305532   0.810344828   0.120689655
   7   2   7   2   0.767306130   0.209490853   0.706896552   0.258620690
   7   2   7   2   0.750442577   0.221670388   0.741379310   0.224137931
   7   2   7   2   0.767785450   0.271380962   0.775862069   0.258620690
   7   2   7   2   0.711168567   0.256495154   0.810344828   0.189655172
   7   2   7   2   0.776311729   0.234603306   0.672413793   0.327586207
   7   2   7   2   0.790441305   0.258991703   0.810344828   0.293103448
   7   2   7   2   0.721885863   0.226213571   0.775862069   0.224137931
   7   2   7   2   0.796999726   0.278964211   0.775862069   0.327586207
   7   3   7   3   0.706744207   0.394565754   0.741379310   0.327586207
   7   3   7   3   0.765979135   0.307207551   0.775862069   0.362068966
   7   3   7   3   0.731824595   0.374920352   0.741379310   0.293103448
   7   3   7   3   0.721024723   0.327727230   0.775862069   0.293103448
   7   3   7   3   0.735877241   0.352904714   0.810344828   0.362068966
   7   3   7   3   0.784716187   0.340249181   0.810344828   0.327586207
   7   3   7   3   0.710697388   0.351005939   0.637931034   0.327586207
   7   3   7   3   0.704930227   0.374011911   0.741379310   0.362068966
   7   3   7   3   0.726355512   0.307844750   0.706896552   0.327586207
   7   4   7   4   0.760866783   0.450084266   0.775862069   0.431034483
   7   4   7   4   0.733959074   0.450804273   0.775862069   0.465517241
   7   4   7   4   0.751151397   0.485460900   0.706896552   0.396551724
   7   4   7   4   0.732188434   0.472391079   0.706896552   0.362068966
   7   4   7   4   0.706892038   0.442481903   0.775862069   0.396551724
   7   4   7   4   0.768043762   0.423084892   0.741379310   0.431034483
   7   4   7   4   0.724747719   0.404323336   0.810344828   0.396551724
   7   4   7   4   0.795249553   0.496776054   0.810344828   0.465517241
   7   4   7   4   0.700777804   0.484970420   0.637931034   0.500000000
   7   5   7   5   0.712123362   0.548158384   0.706896552   0.568965517
   7   5   7   5   0.748940043   0.554004148   0.741379310   0.500000000
   7   5   7   5   0.726893605   0.533383977   0.741379310   0.568965517
   7   5   7   5   0.772196971   0.577971926   0.775862069   0.500000000
   7   5   7   5   0.769786352   0.557203744   0.810344828   0.534482759
   7   5   7   5   0.728343346   0.565708117   0.706896552   0.603448276
   7   5   7   5   0.716181384   0.507551153   0.672413793   0.465517241
   7   5   7   5   0.708177585   0.587708814   0.706896552   0.672413793
   7   6   7   6   0.764307733   0.674030997   0.775862069   0.603448276
   7   6   7   6   0.736583330   0.644988285   0.672413793   0.637931034
   7   6   7   6   0.730509530   0.680158977   0.672413793   0.706896552
   7   6   7   6   0.791420341   0.666969330   0.741379310   0.741379310
   7   6   7   6   0.784703025   0.614574124   0.775862069   0.534482759
   7   6   7   6   0.793124099   0.634797725   0.741379310   0.672413793
   7   7   7   7   0.768144936   0.788159593   0.741379310   0.775862069
   7   7   7   7   0.727023874   0.755896010   0.741379310   0.810344828
   7   7   7   7   0.773158112   0.725743459   0.775862069   0.844827586
   7   7   7   7   0.723990421   0.704727722   0.775862069   0.741379310
   7   7   7   7   0.788248121   0.777301581   0.775862069   0.775862069
   7   7   7   7   0.766754728   0.758919758   0.810344828   0.741379310
   7   7   7   7   0.727545993   0.784961657   0.706896552   0.775862069
   7   7   7   7   0.707757730   0.779990828   0.706896552   0.844827586
   7   7   7   7   0.753356082   0.703099044   0.775862069   0.672413793
   7   7   7   7   0.799924014   0.713730411   0.741379310   0.706896552
   7   8   7   8   0.715706150   0.831738748   0.706896552   0.913793103
   7   8   7   8   0.740439656   0.846864801   0.672413793   0.879310345
   7   8   7   8   0.757272304   0.875507804   0.741379310   0.948275862
   7   8   7   8   0.763231871   0.832681751   0.810344828   0.913793103
   7   8   7   8   0.746840584   0.809777582   0.810344828   0.844827586
   7   8   7   8   0.709878615   0.800262718   0.706896552   0.706896552
   7   8   7   8   0.708392745   0.890305797   0.672413793   0.810344828
   7   8   7   8   0.796472352   0.814515751   0.810344828   0.775862069
   7   9   7   9   0.790785444   0.965934753   0.741379310   0.913793103
   7   9   7   9   0.702757537   0.947211412   0.775862069   0.948275862
   7   9   7   9   0.732770134   0.941082392   0.706896552   0.982758621
   7   9   7   9   0.763409226   0.985923138   0.706896552   0.948275862
   7   9   7   9   0.779704889   0.942898066   0.844827586   0.948275862
   7   9   7   9   0.743711459   0.904778182   0.706896552   0.879310345
   7   9   7   9   0.782288803   0.922604251   0.775862069   0.879310345
   7   9   7   9   0.717481518   0.974907685   0.672413793   0.982758621
   7   9   7   9   0.799673695   0.946151890   0.879310345   0.913793103
   8   0   8   0   0.825616377   0.042577281   0.844827586   0.017241379
   8   0   8   0   0.830171497   0.022332661   0.879310345   0.051724138
   8   0   8   0   0.830756314   0.077207745   0.879310345   0.086206897
   8   0   8   0   0.857034045   0.017514495   0.879310345   0.017241379
   8   0   8   0   0.880689342   0.092302672   0.948275862   0.120689655
   8   1   8   1   0.834794500   0.196472215   0.775862069   0.086206897
   8   1   8   1   0.863397163   0.159171374   0.913793103   0.120689655
   8   1   8   1   0.829204448   0.117098697   0.810344828   0.155172414
   8   1   8   1   0.886838546   0.154432701   0.879310345   0.120689655
   8   1   8   1   0.861077278   0.109450335   0.913793103   0.086206897
   8   2   8   2   0.854638102   0.275967040   0.810344828   0.224137931
   8   2   8   2   0.856749305   0.248433496   0.844827586   0.258620690
   8   2   8   2   0.874319768   0.281385052   0.879310345   0.224137931
   8   2   8   2   0.800030423   0.202695414   0.879310345   0.293103448
   8   2   8   2   0.836269662   0.298220044   0.810344828   0.258620690
   8   2   8   2   0.862095458   0.206487667   0.913793103   0.155172414
   8   2   8   2   0.832728479   0.269159969   0.844827586   0.189655172
   8   2   8   2   0.890906611   0.226450223   0.879310345   0.155172414
   8   2   8   2   0.810835481   0.244850344   0.844827586   0.155172414
   8   3   8   3   0.809515644   0.352345530   0.844827586   0.327586207
   8   3   8   3   0.841193834   0.323080638   0.913793103   0.293103448
   8   3   8   3   0.851975923   0.350281405   0.879310345   0.396551724
   8   3   8   3   0.873590922   0.366674085   0.844827586   0.362068966
   8   3   8   3   0.869106050   0.336942176   0.879310345   0.327586207
   8   3   8   3   0.829600354   0.359809698   0.879310345   0.362068966
   8   3   8   3   0.883343625   0.308714092   0.844827586   0.293103448
   8   3   8   3   0.826980554   0.380605822   0.844827586   0.396551724
   8   4   8   4   0.812023196   0.438961147   0.844827586   0.431034483
   8   4   8   4   0.865961151   0.478992090   0.844827586   0.465517241
   8   4   8   4   0.855506752   0.433824004   0.879310345   0.431034483
   8   4   8   4   0.831421538   0.467803187   0.844827586   0.500000000
   8   4   8   4   0.852973857   0.401784668   0.913793103   0.396551724
   8   4   8   4   0.809538360   0.480722221   0.810344828   0.431034483
   8   4   8   4   0.837054716   0.498932721   0.879310345   0.465517241
   8   4   8   4   0.889134692   0.489538912   0.913793103   0.362068966
   8   5   8   5   0.857185257   0.507514212   0.844827586   0.534482759
   8   5   8   5   0.813335115   0.509092982   0.879310345   0.534482759
   8   5   8   5   0.878491261   0.544268693   0.879310345   0.568965517
   8   5   8   5   0.821844955   0.573624650   0.775862069   0.568965517
   8   5   8   5   0.854214354   0.545029265   0.775862069   0.637931034
   8   5   8   5   0.894010624   0.568925663   0.948275862   0.500000000
   8   5   8   5   0.815488319   0.595006709   0.810344828   0.603448276
   8   5   8   5   0.892514605   0.594734649   0.844827586   0.672413793
   8   5   8   5   0.845009229   0.591026310   0.844827586   0.568965517
   8   5   8   5   0.877770633   0.515425747   0.913793103   0.500000000
   8   5   8   5   0.811093265   0.531782530   0.810344828   0.500000000
   8   6   8   6   0.857524612   0.635306933   0.810344828   0.637931034
   8   6   8   6   0.824362669   0.661768885   0.775862069   0.706896552
   8   6   8   6   0.846396407   0.658519351   0.844827586   0.637931034
   8   6   8   6   0.868348676   0.668883847   0.913793103   0.741379310
   8   6   8   6   0.813115627   0.614904428   0.810344828   0.568965517
   8   6   8   6   0.884073058   0.613071198   0.982758621   0.568965517
   8   6   8   6   0.878290881   0.690251747   0.948275862   0.637931034
   8   6   8   6   0.823941092   0.694951950   0.844827586   0.706896552
   8   7   8   7   0.875692557   0.773012012   0.810344828   0.706896552
   8   7   8   7   0.818027803   0.763941737   0.844827586   0.741379310
   8   7   8   7   0.812761133   0.732194485   0.879310345   0.741379310
   8   7   8   7   0.868967931   0.746260573   0.879310345   0.775862069
   8   7   8   7   0.846493417   0.775489297   0.810344828   0.672413793
   8   7   8   7   0.892061430   0.799079749   0.810344828   0.810344828
   8   7   8   7   0.886661228   0.735427007   0.948275862   0.672413793
   8   7   8   7   0.897181274   0.777321931   0.879310345   0.672413793
   8   7   8   7   0.847117915   0.795992348   0.844827586   0.810344828
   8   8   8   8   0.825173197   0.822115328   0.844827586   0.844827586
   8   8   8   8   0.860650316   0.844380714   0.879310345   0.879310345
   8   8   8   8   0.864399643   0.875369226   0.844827586   0.913793103
   8   8   8   8   0.880085376   0.823433933   0.913793103   0.775862069
   8   8   8   8   0.884758984   0.879607334   0.879310345   0.810344828
   8   8   8   8   0.845100677   0.888073976   0.810344828   0.879310345
   8   8   8   8   0.808515872   0.867345147   0.775862069   0.810344828
   8   8   8   8   0.867412923   0.899664730   0.879310345   0.844827586
   8   9   8   9   0.828839467   0.957552687   0.810344828   0.948275862
   8   9   8   9   0.840589207   0.989116888   0.810344828   0.982758621
   8   9   8   9   0.854769316   0.930443869   0.844827586   0.982758621
   8   9   8   9   0.872314375   0.976981136   0.913793103   0.982758621
   8   9   8   9   0.848375942   0.963797772   0.775862069   0.913793103
   8   9   8   9   0.881258228   0.925982728   0.879310345   0.948275862
   8   9   8   9   0.807253323   0.989262473   0.775862069   0.982758621
   8   9   8   9   0.810883357   0.909984935   0.741379310   0.879310345
   9   0   9   0   0.913715586   0.068452038   0.948275862   0.017241379
   9   0   9   0   0.977034734   0.039083637   0.948275862   0.086206897
   9   0   9   0   0.969150773   0.018067723   0.982758621   0.051724138
   9   0   9   0   0.945622550   0.072932132   0.982758621   0.086206897
   9   0   9   0   0.939863649   0.018639618   0.982758621   0.017241379
   9   0   9   0   0.937781652   0.092518057   0.948275862   0.051724138
   9   0   9   0   0.968167959   0.074284106   0.948275862   0.155172414
   9   0   9   0   0.901739093   0.029494400   0.913793103   0.017241379
   9   0   9   0   0.958450991   0.098715702   0.913793103   0.051724138
   9   1   9   1   0.972341502   0.175362270   0.982758621   0.120689655
   9   1   9   1   0.976261805   0.141081411   0.982758621   0.155172414
   9   1   9   1   0.934350472   0.171232994   0.982758621   0.189655172
   9   1   9   1   0.937011515   0.193153438   0.982758621   0.224137931
   9   1   9   1   0.926062121   0.112574710   0.844827586   0.051724138
   9   1   9   1   0.963071175   0.193675722   0.913793103   0.189655172
   9   2   9   2   0.962778087   0.232197882   0.913793103   0.224137931
   9   2   9   2   0.932396983   0.253607296   0.913793103   0.258620690
   9   2   9   2   0.926532871   0.283049337   0.948275862   0.258620690
   9   2   9   2   0.987734798   0.226913090   0.982758621   0.258620690
   9   2   9   2   0.968558020   0.266206806   0.879310345   0.258620690
   9   2   9   2   0.916399190   0.211825320   0.879310345   0.189655172
   9   2   9   2   0.904083842   0.277086627   0.844827586   0.224137931
   9   3   9   3   0.915394710   0.359611977   0.948275862   0.327586207
   9   3   9   3   0.924847644   0.379812680   0.948275862   0.362068966
   9   3   9   3   0.984622046   0.354367810   0.982758621   0.327586207
   9   3   9   3   0.980540232   0.386453893   0.982758621   0.362068966
   9   3   9   3   0.931731050   0.343477288   0.948275862   0.293103448
   9   3   9   3   0.958289538   0.334510631   0.982758621   0.293103448
   9   3   9   3   0.926726684   0.322321339   0.948275862   0.224137931
   9   3   9   3   0.950126742   0.374320391   0.948275862   0.431034483
   9   3   9   3   0.975321281   0.304414776   0.948275862   0.189655172
   9   4   9   4   0.960256471   0.454200741   0.948275862   0.465517241
   9   4   9   4   0.922035219   0.473825707   0.982758621   0.431034483
   9   4   9   4   0.989010864   0.462563973   0.982758621   0.465517241
   9   4   9   4   0.955114208   0.432231143   0.913793103   0.327586207
   9   4   9   4   0.959937216   0.495476965   0.913793103   0.534482759
   9   4   9   4   0.909124366   0.411151109   0.913793103   0.465517241
   9   4   9   4   0.937366392   0.402610772   0.948275862   0.396551724
   9   4   9   4   0.914056173   0.435033633   0.913793103   0.431034483
   9   4   9   4   0.979954758   0.497937832   0.982758621   0.396551724
   9   5   9   5   0.970246105   0.542842053   0.948275862   0.568965517
   9   5   9   5   0.950899427   0.533977152   0.982758621   0.534482759
   9   5   9   5   0.981430187   0.524979513   0.948275862   0.603448276
   9   5   9   5   0.927915824   0.579574491   0.879310345   0.603448276
   9   5   9   5   0.925363111   0.504947835   0.982758621   0.500000000
   9   5   9   5   0.982822465   0.575691453   0.982758621   0.637931034
   9   5   9   5   0.901851480   0.513937597   0.879310345   0.500000000
   9   5   9   5   0.920740139   0.528180033   0.948275862   0.534482759
   9   6   9   6   0.949610305   0.667438359   0.913793103   0.672413793
   9   6   9   6   0.986150527   0.630167438   0.982758621   0.603448276
   9   6   9   6   0.985157907   0.679532070   0.982758621   0.672413793
   9   6   9   6   0.912460455   0.652998840   0.913793103   0.603448276
   9   6   9   6   0.914634680   0.631993245   0.913793103   0.637931034
   9   6   9   6   0.980351965   0.653601720   0.844827586   0.603448276
   9   6   9   6   0.923513018   0.684029010   0.879310345   0.637931034
   9   6   9   6   0.966640509   0.696568732   0.879310345   0.706896552
   9   6   9   6   0.940665386   0.626733456   0.913793103   0.568965517
   9   7   9   7   0.940040086   0.721739451   0.948275862   0.706896552
   9   7   9   7   0.946282865   0.788539599   0.948275862   0.775862069
   9   7   9   7   0.960722855   0.741178698   0.982758621   0.741379310
   9   7   9   7   0.988425901   0.740886846   0.982758621   0.775862069
   9   7   9   7   0.962502556   0.767552725   0.982758621   0.810344828
   9   7   9   7   0.915893181   0.759191064   0.913793103   0.706896552
   9   7   9   7   0.906415794   0.723680919   0.948275862   0.741379310
   9   7   9   7   0.985593661   0.780581891   0.948275862   0.810344828
   9   7   9   7   0.969499817   0.717060509   0.982758621   0.706896552
   9   7   9   7   0.969493656   0.795490875   0.948275862   0.844827586
   9   8   9   8   0.947996096   0.851220283   0.913793103   0.844827586
   9   8   9   8   0.989476025   0.802657736   0.982758621   0.844827586
   9   8   9   8   0.956677464   0.831595883   0.982758621   0.879310345
   9   8   9   8   0.988814072   0.876950336   0.913793103   0.810344828
   9   8   9   8   0.959796328   0.875970995   0.844827586   0.879310345
   9   8   9   8   0.932410180   0.829169707   0.879310345   0.982758621
   9   8   9   8   0.909867753   0.811810618   0.844827586   0.775862069
   9   8   9   8   0.981433969   0.895685673   0.948275862   0.879310345
   9   8   9   8   0.905743413   0.890227678   0.948275862   0.913793103
   9   9   9   9   0.901146757   0.983935543   0.913793103   0.913793103
   9   9   9   9   0.938886377   0.921182540   0.948275862   0.948275862
   9   9   9   9   0.963817120   0.986116137   0.948275862   0.982758621
   9   9   9   9   0.950132022   0.957654924   0.982758621   0.913793103
   9   9   9   9   0.931865226   0.987182228   0.982758621   0.948275862
   9   9   9   9   0.982448404   0.960430380   0.982758621   0.982758621
   9   9   9   9   0.902724588   0.931410686   0.913793103   0.879310345
   9   9   9   9   0.908948881   0.950592558   0.913793103   0.948275862
