0    0
10    0.024662
20    0.0426215
30    0.0606235
40    0.0773618
50    0.0925932
60    0.105058
70    0.11718
80    0.12685
90    0.135699
100    0.144278
110    0.151408
120    0.158926
130    0.166028
140    0.172286
150    0.179045
160    0.186345
170    0.19435
180    0.202392
190    0.210176
200    0.216674
210    0.221853
220    0.226365
230    0.230142
240    0.233921
250    0.237854
260    0.24208
270    0.246679
280    0.250622
290    0.253318
300    0.256199
310    0.259693
320    0.262432
330    0.264339
340    0.266803
350    0.26942
360    0.271778
370    0.274085
380    0.277654
390    0.282055
400    0.284661
410    0.285646
420    0.287736
430    0.291053
440    0.294738
450    0.299058
460    0.303993
470    0.307414
480    0.31083
490    0.314591
500    0.318064
510    0.322402
520    0.328508
530    0.333098
540    0.338672
550    0.344181
560    0.347746
570    0.351444
580    0.35444
590    0.354987
600    0.35437
610    0.354212
620    0.35249
630    0.35113
640    0.351472
650    0.352487
660    0.354394
670    0.356159
680    0.358538
690    0.360588
700    0.363374
710    0.366576
720    0.370285
730    0.373744
740    0.376149
750    0.378029
760    0.379047
770    0.380166
780    0.381155
790    0.381703
800    0.381538
810    0.381283
820    0.380984
830    0.380381
840    0.380771
850    0.380548
860    0.380166
870    0.380543
880    0.380882
890    0.381343
900    0.383102
910    0.383
920    0.381993
930    0.38135
940    0.382348
950    0.383144
960    0.38458
970    0.38417
980    0.384041
990    0.383077
1000    0.383413
1010    0.384644
1020    0.386094
1030    0.386643
1040    0.387298
1050    0.388024
1060    0.390873
1070    0.394456
1080    0.396717
1090    0.398502
1100    0.399522
1110    0.399228
1120    0.398193
1130    0.396628
1140    0.395263
1150    0.395468
1160    0.396346
1170    0.397881
1180    0.400432
1190    0.403019
1200    0.40687
1210    0.409831
1220    0.412009
1230    0.41296
1240    0.413363
1250    0.413957
1260    0.414385
1270    0.413478
1280    0.414192
1290    0.416008
1300    0.419069
1310    0.421015
1320    0.421731
1330    0.422607
1340    0.423652
1350    0.42558
1360    0.426446
1370    0.428112
1380    0.42888
1390    0.429158
1400    0.427647
1410    0.424593
1420    0.422461
1430    0.421196
1440    0.421455
1450    0.421507
1460    0.421621
1470    0.421693
1480    0.4209
1490    0.420508
1500    0.420118
1510    0.419665
1520    0.41928
1530    0.419596
1540    0.420922
1550    0.423485
1560    0.427236
1570    0.429515
1580    0.432592
1590    0.436757
1600    0.440495
1610    0.443915
1620    0.446277
1630    0.446685
1640    0.447018
1650    0.446177
1660    0.446079
1670    0.44634
1680    0.446625
1690    0.446288
1700    0.445944
1710    0.447098
1720    0.449433
1730    0.451519
1740    0.452921
1750    0.454697
1760    0.455277
1770    0.455695
1780    0.456793
1790    0.458758
1800    0.459476
1810    0.459321
1820    0.459399
1830    0.458999
1840    0.458695
1850    0.459338
1860    0.460158
1870    0.459114
1880    0.458296
1890    0.457766
1900    0.458412
1910    0.459496
1920    0.46047
1930    0.461142
1940    0.463042
1950    0.466173
1960    0.46733
1970    0.468048
1980    0.468637
1990    0.470703
2000    0.473301
2010    0.475017
2020    0.476689
2030    0.479453
2040    0.480921
2050    0.482235
2060    0.483598
2070    0.484942
2080    0.486155
2090    0.486594
2100    0.487286
2110    0.487382
2120    0.487497
2130    0.487777
2140    0.48838
2150    0.487227
2160    0.485854
2170    0.486518
2180    0.487521
2190    0.488177
2200    0.48825
2210    0.488725
2220    0.48793
2230    0.486614
2240    0.485501
2250    0.485482
2260    0.485389
2270    0.485417
2280    0.484947
2290    0.484181
2300    0.483589
2310    0.483489
2320    0.483246
2330    0.483995
2340    0.48652
2350    0.488064
2360    0.48965
2370    0.490792
2380    0.492579
2390    0.492974
2400    0.49342
2410    0.493652
2420    0.492882
2430    0.4923
2440    0.492529
2450    0.493197
2460    0.494193
2470    0.496235
2480    0.497672
2490    0.498673
2500    0.499741
2510    0.501658
2520    0.502684
2530    0.503796
2540    0.506236
2550    0.508691
2560    0.511017
2570    0.511981
2580    0.513059
2590    0.513676
2600    0.512572
2610    0.511053
2620    0.508713
2630    0.506732
2640    0.504033
2650    0.501023
2660    0.499788
2670    0.498856
2680    0.49756
2690    0.497388
2700    0.495955
2710    0.493809
2720    0.491178
2730    0.488227
2740    0.486356
2750    0.486921
2760    0.487627
2770    0.488556
2780    0.489935
2790    0.492045
2800    0.494361
2810    0.494592
2820    0.494167
2830    0.493618
2840    0.492339
2850    0.492639
2860    0.492247
2870    0.492787
2880    0.494096
2890    0.496311
2900    0.498215
2910    0.498486
2920    0.498452
2930    0.49871
2940    0.498897
2950    0.49827
2960    0.498701
2970    0.498321
2980    0.497076
2990    0.496248
3000    0.495198
3010    0.493641
3020    0.492787
3030    0.493075
3040    0.494622
3050    0.495978
3060    0.497381
3070    0.497178
3080    0.495806
3090    0.49411
3100    0.492087
3110    0.491151
3120    0.490805
3130    0.490386
3140    0.489288
3150    0.489413
3160    0.490339
3170    0.489947
3180    0.489008
3190    0.488799
3200    0.487869
3210    0.487087
3220    0.485173
3230    0.484429
3240    0.483264
3250    0.481149
3260    0.480407
3270    0.48049
3280    0.48067
3290    0.479031
3300    0.477338
3310    0.476176
3320    0.474612
3330    0.474366
3340    0.474907
3350    0.475613
3360    0.475892
3370    0.477059
3380    0.4778
3390    0.479062
3400    0.480253
3410    0.482654
3420    0.485258
3430    0.486442
3440    0.487084
3450    0.487784
3460    0.489485
3470    0.492156
3480    0.493977
3490    0.495676
3500    0.495713
3510    0.494622
3520    0.494776
3530    0.494714
3540    0.495178
3550    0.49645
3560    0.496983
3570    0.497756
3580    0.498429
3590    0.49786
3600    0.497127
3610    0.495956
3620    0.495192
3630    0.495577
3640    0.495737
3650    0.495353
3660    0.494713
3670    0.492758
3680    0.491363
3690    0.492406
3700    0.492944
3710    0.491973
3720    0.491141
3730    0.491061
3740    0.491984
3750    0.492859
3760    0.492968
3770    0.494044
3780    0.496499
3790    0.499743
3800    0.503825
3810    0.507027
3820    0.509402
3830    0.510438
3840    0.510351
3850    0.510497
3860    0.510375
3870    0.508656
3880    0.506812
3890    0.505853
3900    0.505158
3910    0.503341
3920    0.502389
3930    0.501964
3940    0.501505
3950    0.500253
3960    0.498661
3970    0.497868
3980    0.497387
3990    0.498458
