0    0
10    0.0234744
20    0.0416226
30    0.0555618
40    0.0673738
50    0.0778668
60    0.0860613
70    0.0948813
80    0.103203
90    0.11163
100    0.119247
110    0.124872
120    0.132258
130    0.140046
140    0.146353
150    0.152088
160    0.157217
170    0.160594
180    0.164275
190    0.168251
200    0.172425
210    0.177186
220    0.181586
230    0.185591
240    0.190952
250    0.194095
260    0.196333
270    0.201158
280    0.205972
290    0.210731
300    0.216386
310    0.21984
320    0.222097
330    0.22407
340    0.22657
350    0.229725
360    0.23366
370    0.238133
380    0.241874
390    0.244935
400    0.24788
410    0.251612
420    0.255172
430    0.257468
440    0.259981
450    0.263161
460    0.267083
470    0.269586
480    0.271875
490    0.274174
500    0.276112
510    0.278507
520    0.280551
530    0.282001
540    0.282892
550    0.284607
560    0.287304
570    0.288999
580    0.290078
590    0.292694
600    0.295879
610    0.29793
620    0.299869
630    0.302226
640    0.3041
650    0.303898
660    0.303992
670    0.305187
680    0.306104
690    0.306898
700    0.306672
710    0.307642
720    0.308334
730    0.310381
740    0.312731
750    0.314161
760    0.313399
770    0.314302
780    0.315113
790    0.316372
800    0.318153
810    0.320762
820    0.324788
830    0.327764
840    0.328605
850    0.329375
860    0.330869
870    0.332499
880    0.335098
890    0.336281
900    0.337353
910    0.337864
920    0.338281
930    0.339049
940    0.339502
950    0.33924
960    0.339082
970    0.339678
980    0.341014
990    0.342812
1000    0.345014
1010    0.346621
1020    0.346947
1030    0.348759
1040    0.351264
1050    0.352988
1060    0.355587
1070    0.360276
1080    0.365694
1090    0.370971
1100    0.37527
1110    0.380552
1120    0.384873
1130    0.386876
1140    0.387314
1150    0.388135
1160    0.38957
1170    0.389679
1180    0.389878
1190    0.38951
1200    0.389189
1210    0.390661
1220    0.392387
1230    0.39461
1240    0.397091
1250    0.399351
1260    0.400627
1270    0.401646
1280    0.403281
1290    0.405933
1300    0.407277
1310    0.407071
1320    0.406501
1330    0.406153
1340    0.407487
1350    0.408884
1360    0.409999
1370    0.410897
1380    0.411685
1390    0.413249
1400    0.413973
1410    0.414653
1420    0.414521
1430    0.415403
1440    0.416975
1450    0.418364
1460    0.420084
1470    0.42153
1480    0.421519
1490    0.42235
1500    0.422215
1510    0.423083
1520    0.425746
1530    0.427608
1540    0.426089
1550    0.425338
1560    0.425511
1570    0.426263
1580    0.427162
1590    0.428312
1600    0.430044
1610    0.431203
1620    0.431975
1630    0.432665
1640    0.4336
1650    0.433347
1660    0.433834
1670    0.434197
1680    0.434042
1690    0.433742
1700    0.434473
1710    0.434985
1720    0.435243
1730    0.435592
1740    0.437186
1750    0.439461
1760    0.441249
1770    0.44279
1780    0.443948
1790    0.445104
1800    0.445183
1810    0.445031
1820    0.444882
1830    0.445478
1840    0.445256
1850    0.444723
1860    0.444587
1870    0.443471
1880    0.442502
1890    0.442124
1900    0.44217
1910    0.441776
1920    0.441541
1930    0.442803
1940    0.442998
1950    0.444827
1960    0.446063
1970    0.446529
1980    0.446061
1990    0.446528
2000    0.447636
2010    0.449069
2020    0.451118
2030    0.4508
2040    0.44863
2050    0.446518
2060    0.44499
2070    0.444006
2080    0.44331
2090    0.44256
2100    0.442276
2110    0.440963
2120    0.440084
2130    0.439323
2140    0.439926
2150    0.440016
2160    0.441386
2170    0.443294
2180    0.444361
2190    0.445147
2200    0.445447
2210    0.446888
2220    0.447718
2230    0.449234
2240    0.45148
2250    0.454047
2260    0.455298
2270    0.456558
2280    0.457075
2290    0.457835
2300    0.458047
2310    0.458019
2320    0.457333
2330    0.458193
2340    0.458924
2350    0.458889
2360    0.460317
2370    0.460469
2380    0.46123
2390    0.461686
2400    0.461402
2410    0.461467
2420    0.460462
2430    0.458726
2440    0.456109
2450    0.455072
2460    0.454072
2470    0.454981
2480    0.45599
2490    0.456411
2500    0.45678
2510    0.456586
2520    0.457527
2530    0.460098
2540    0.461497
2550    0.463014
2560    0.464108
2570    0.464936
2580    0.465003
2590    0.466501
2600    0.467418
2610    0.468509
2620    0.468917
2630    0.470082
2640    0.471905
2650    0.473011
2660    0.473072
2670    0.472586
2680    0.471974
2690    0.470338
2700    0.46866
2710    0.466849
2720    0.466472
2730    0.466991
2740    0.466989
2750    0.465882
2760    0.464771
2770    0.463421
2780    0.463281
2790    0.463299
2800    0.461507
2810    0.460306
2820    0.459606
2830    0.458957
2840    0.459787
2850    0.461983
2860    0.464526
2870    0.46644
2880    0.469001
2890    0.471518
2900    0.473479
2910    0.475042
2920    0.475939
2930    0.476944
2940    0.478675
2950    0.480447
2960    0.483197
2970    0.487241
2980    0.490149
2990    0.491303
3000    0.491997
3010    0.490596
3020    0.488485
3030    0.486306
3040    0.484059
3050    0.482169
3060    0.481206
3070    0.480705
3080    0.48111
3090    0.482959
3100    0.484523
3110    0.485328
3120    0.484665
3130    0.48554
3140    0.48677
3150    0.488555
3160    0.489559
3170    0.490747
3180    0.491523
3190    0.491333
3200    0.491887
3210    0.492473
3220    0.492648
3230    0.493995
3240    0.495312
3250    0.496596
3260    0.496441
3270    0.495674
3280    0.494757
3290    0.493479
3300    0.492227
3310    0.491075
3320    0.491025
3330    0.490927
3340    0.489763
3350    0.488607
3360    0.489438
3370    0.489606
3380    0.49004
3390    0.491833
3400    0.492751
3410    0.493597
3420    0.494044
3430    0.494609
3440    0.494371
3450    0.493297
3460    0.492795
3470    0.492422
3480    0.492114
3490    0.491925
3500    0.490552
3510    0.489903
3520    0.489744
3530    0.489668
3540    0.488588
3550    0.488582
3560    0.489152
3570    0.489451
3580    0.489566
3590    0.490468
3600    0.492059
3610    0.492999
3620    0.494332
3630    0.495683
3640    0.497482
3650    0.499279
3660    0.500495
3670    0.501311
3680    0.501659
3690    0.502384
3700    0.502345
3710    0.501376
3720    0.499885
3730    0.499514
3740    0.499012
3750    0.499042
3760    0.498371
3770    0.497522
3780    0.49721
3790    0.497641
3800    0.497658
3810    0.498976
3820    0.501191
3830    0.503095
3840    0.503657
3850    0.503847
3860    0.503865
3870    0.503557
3880    0.502787
3890    0.502137
3900    0.501945
3910    0.5025
3920    0.50328
3930    0.505186
3940    0.505896
3950    0.507063
3960    0.507676
3970    0.5084
3980    0.508308
3990    0.507786
